Agar: LoneDotAssymA,-20,5,-20,6,-19,1,-19,2,-19,4,-19,6,-18,1,-17,2,-17,6,-15,-3,-15,-2,-15,0,-15,2,-15,6,-15,7,-14,-3,-13,-2,-13,2,-13,4,-13,8,-12,8,-11,-7,-11,-6,-11,-4,-11,-2,-11,4,-11,6,-11,8,-10,-7,-9,-6,-9,-2,-9,0,-9,4,-7,-11,-7,-10,-7,-8,-7,-6,-7,0,-7,2,-7,4,-7,6,-6,-11,-6,11,-6,12,-5,-10,-5,-6,-5,-4,-5,0,-5,6,-5,8,-5,10,-5,12,-3,-14,-3,-12,-3,-10,-3,-4,-3,-2,-3,0,-3,2,-3,8,-3,12,-2,-14,-1,-14,-1,-10,-1,-8,-1,-4,-1,2,-1,4,-1,6,-1,8,-1,12,-1,13,1,-13,1,-12,1,-8,1,-6,1,-4,1,-2,1,4,1,8,1,10,1,14,2,14,3,-12,3,-8,3,-2,3,0,3,2,3,4,3,10,3,12,3,14,5,-12,5,-10,5,-8,5,-6,5,0,5,4,5,6,5,10,6,-12,6,-11,6,11,7,-6,7,-4,7,-2,7,0,7,6,7,8,7,10,7,11,9,-4,9,0,9,2,9,6,10,7,11,-8,11,-6,11,-4,11,2,11,4,11,6,11,7,12,-8,13,-8,13,-4,13,-2,13,2,14,3,15,-7,15,-6,15,-2,15,0,15,2,15,3,17,-6,17,-2,18,-1,19,-6,19,-4,19,-2,19,-1,20,-6,20,-5,144,41,29
Agar: LoneDotDiamondFull,-15,-3,-15,-2,-15,1,-15,2,-14,-3,-14,-1,-14,2,-13,1,-12,-6,-12,-5,-12,-2,-12,4,-12,5,-11,-6,-11,-4,-11,0,-11,2,-11,5,-10,-2,-10,4,-9,-9,-9,-8,-9,-5,-9,1,-9,7,-9,8,-8,-9,-8,-7,-8,-3,-8,-1,-8,3,-8,5,-8,8,-7,-5,-7,1,-7,7,-6,-12,-6,-11,-6,-8,-6,-2,-6,4,-6,10,-6,11,-5,-12,-5,-10,-5,-6,-5,-4,-5,0,-5,2,-5,6,-5,8,-5,11,-4,-8,-4,-2,-4,4,-4,10,-3,-15,-3,-14,-3,-11,-3,-5,-3,1,-3,7,-3,13,-3,14,-2,-15,-2,-13,-2,-9,-2,-7,-2,-3,-2,-1,-2,3,-2,5,-2,9,-2,11,-2,14,-1,-11,-1,-5,-1,1,-1,7,-1,13,0,-14,0,-8,0,-2,0,4,0,10,1,-15,1,-12,1,-10,1,-6,1,-4,1,0,1,2,1,6,1,8,1,12,1,14,2,-15,2,-14,2,-8,2,-2,2,4,2,10,2,13,2,14,3,-11,3,-5,3,1,3,7,4,-12,4,-9,4,-7,4,-3,4,-1,4,3,4,5,4,9,4,11,5,-12,5,-11,5,-5,5,1,5,7,5,10,5,11,6,-8,6,-2,6,4,7,-9,7,-6,7,-4,7,0,7,2,7,6,7,8,8,-9,8,-8,8,-2,8,4,8,7,8,8,9,-5,9,1,10,-6,10,-3,10,-1,10,3,10,5,11,-6,11,-5,11,1,11,4,11,5,12,-2,13,-3,13,0,13,2,14,-3,14,-2,14,1,14,2,160,30,30
Agar: TwinDotsA,-18,-8,-18,0,-18,8,-17,-10,-17,-8,-17,-2,-17,0,-17,6,-17,8,-16,-6,-16,2,-16,10,-15,-11,-15,-10,-15,-9,-15,-8,-15,-7,-15,-3,-15,-2,-15,-1,-15,0,-15,1,-15,5,-15,6,-15,7,-15,8,-15,9,-14,-6,-14,2,-14,10,-13,-10,-13,-8,-13,-2,-13,0,-13,6,-13,8,-12,-10,-12,-6,-12,-2,-12,2,-12,6,-12,10,-11,-16,-11,-14,-11,-12,-11,-8,-11,-4,-11,0,-11,4,-11,8,-11,14,-10,-15,-10,-9,-10,-5,-10,-1,-10,3,-10,7,-10,11,-10,12,-10,14,-10,16,-9,-18,-9,-17,-9,-15,-9,-13,-9,-11,-9,-7,-9,-3,-9,1,-9,5,-9,9,-9,14,-8,-15,-8,-10,-8,-6,-8,-2,-8,2,-8,6,-8,10,-8,12,-8,14,-8,16,-8,17,-7,-17,-7,-15,-7,-13,-7,-12,-7,-8,-7,-4,-7,0,-7,4,-7,8,-7,14,-6,-15,-6,-9,-6,-5,-6,-1,-6,3,-6,7,-6,11,-6,13,-6,15,-5,-11,-5,-7,-5,-3,-5,1,-5,5,-5,9,-4,-10,-4,-6,-4,-2,-4,2,-4,6,-4,10,-3,-16,-3,-14,-3,-12,-3,-8,-3,-4,-3,0,-3,4,-3,8,-3,14,-2,-15,-2,-9,-2,-5,-2,-1,-2,3,-2,7,-2,11,-2,12,-2,14,-2,16,-1,-18,-1,-17,-1,-15,-1,-13,-1,-11,-1,-7,-1,-3,-1,1,-1,5,-1,9,-1,14,0,-15,0,-10,0,-6,0,-2,0,2,0,6,0,10,0,12,0,14,0,16,0,17,1,-17,1,-15,1,-13,1,-12,1,-8,1,-4,1,0,1,4,1,8,1,14,2,-15,2,-9,2,-5,2,-1,2,3,2,7,2,11,2,13,2,15,3,-11,3,-7,3,-3,3,1,3,5,3,9,4,-10,4,-6,4,-2,4,2,4,6,4,10,5,-16,5,-14,5,-12,5,-8,5,-4,5,0,5,4,5,8,5,14,6,-15,6,-9,6,-5,6,-1,6,3,6,7,6,11,6,12,6,14,6,16,7,-18,7,-17,7,-15,7,-13,7,-11,7,-7,7,-3,7,1,7,5,7,9,7,14,8,-15,8,-10,8,-6,8,-2,8,2,8,6,8,10,8,12,8,14,8,16,8,17,9,-17,9,-15,9,-13,9,-12,9,-8,9,-4,9,0,9,4,9,8,9,14,10,-15,10,-9,10,-5,10,-1,10,3,10,7,10,11,10,13,10,15,11,-11,11,-7,11,-3,11,1,11,5,11,9,12,-9,12,-7,12,-1,12,1,12,7,12,9,13,-11,13,-3,13,5,14,-10,14,-9,14,-8,14,-7,14,-6,14,-2,14,-1,14,0,14,1,14,2,14,6,14,7,14,8,14,9,14,10,15,-11,15,-3,15,5,16,-9,16,-7,16,-1,16,1,16,7,16,9,17,-9,17,-1,17,7,288,36,36
Fuse: Baker,-8,-6,-7,-7,-7,-6,-6,-6,-5,-5,-4,-4,-3,-3,-2,-2,-1,-1,0,0,1,1,2,2,3,3,4,4,5,5,6,6,7,5,7,6,18,16,14
Fuse: BeaconMaker,-8,-5,-7,-5,-6,-7,-6,-6,-6,-5,-5,-4,-4,-3,-3,-2,-2,-1,-1,0,0,1,1,2,2,3,3,4,4,5,5,6,6,7,7,6,7,7,19,16,15
Fuse: BeehiveFuse,-9,0,-8,-1,-8,1,-7,0,-6,1,-5,0,-5,1,-4,0,-3,1,-2,0,-2,1,-1,0,0,1,1,0,1,1,2,0,3,1,4,0,4,1,5,0,6,1,7,0,7,1,8,0,24,18,3
Fuse: BoatMaker,-9,-4,-8,-4,-7,-4,-6,-4,-5,-8,-5,-7,-5,-6,-5,-5,-5,-4,-4,-3,-3,-2,-2,-1,-1,0,0,1,1,2,2,3,3,4,4,5,5,6,6,7,7,8,8,7,8,8,23,18,17
Fuse: CleanFuse,-4,-3,-3,-2,-2,-1,-1,0,0,1,1,2,2,3,3,2,3,3,9,8,7
Fuse: Cow,-30,-3,-30,-2,-30,2,-30,3,-29,-3,-29,-2,-29,2,-29,3,-26,-1,-26,0,-26,1,-25,-1,-25,0,-25,1,-24,-2,-24,2,-23,-1,-23,1,-22,-2,-22,2,-21,-3,-21,-2,-21,0,-21,2,-21,3,-20,-3,-20,-2,-20,0,-20,2,-20,3,-19,0,-18,0,-17,-3,-17,-2,-17,0,-17,2,-17,3,-16,-3,-16,-2,-16,0,-16,2,-16,3,-15,0,-14,0,-13,-3,-13,-2,-13,0,-13,2,-13,3,-12,-3,-12,-2,-12,0,-12,2,-12,3,-11,0,-10,0,-9,-3,-9,-2,-9,0,-9,2,-9,3,-8,-3,-8,-2,-8,0,-8,2,-8,3,-7,0,-6,0,-5,-3,-5,-2,-5,0,-5,2,-5,3,-4,-3,-4,-2,-4,0,-4,2,-4,3,-3,0,-2,0,-1,-3,-1,-2,-1,0,-1,2,-1,3,0,-3,0,-2,0,0,0,2,0,3,1,0,2,0,3,-3,3,-2,3,0,3,2,3,3,4,-3,4,-2,4,0,4,2,4,3,5,0,6,0,7,-3,7,-2,7,0,7,2,7,3,8,-3,8,-2,8,0,8,2,8,3,9,0,10,0,11,-3,11,-2,11,0,11,2,11,3,12,-3,12,-2,12,0,12,2,12,3,13,0,14,0,15,-3,15,-2,15,0,15,2,15,3,16,-3,16,-2,16,0,16,2,16,3,17,0,18,0,19,-3,19,-2,19,0,19,2,19,3,20,-3,20,-2,20,0,20,2,20,3,21,0,22,0,23,-3,23,-2,23,0,23,2,23,3,24,-3,24,-2,24,0,24,2,24,3,25,0,26,0,27,-2,27,0,27,1,28,-2,28,-1,28,2,29,1,29,2,172,60,7
Fuse: DirtyFuse,-4,-3,-3,-3,-3,-2,-3,-1,-2,-2,-2,-1,-1,-1,-1,0,0,1,1,2,2,3,3,2,3,3,13,8,7
Fuse: Harvester,-10,-9,-10,-8,-10,-7,-9,-8,-9,-7,-8,-9,-8,-8,-8,-7,-7,-9,-7,-8,-7,-7,-6,-7,-5,-6,-4,-5,-3,-4,-2,-3,-1,-2,0,-1,1,0,2,1,3,2,4,3,5,4,6,5,7,6,8,7,9,8,10,9,28,21,19
Fuse: ReverseFuse,-7,-6,-6,-6,-5,-5,-4,-4,-3,-3,-2,-2,-1,-1,0,0,1,1,2,2,3,3,4,4,5,5,6,6,7,5,7,6,16,15,13
Fuse: SparkFuse,-4,-3,-3,-4,-3,-2,-2,-4,-2,-2,-1,-3,-1,-2,-1,-1,0,0,1,1,2,2,3,3,4,2,4,3,14,9,8
Fuse: TwoGliderFuse,-11,-2,-11,-1,-11,1,-11,2,-10,-2,-10,-1,-10,1,-10,2,-8,-2,-8,-1,-8,1,-8,2,-7,-2,-7,0,-7,2,-5,0,-4,-1,-4,1,-3,-2,-3,-1,-3,1,-3,2,-2,-3,-2,-1,-2,1,-2,3,-1,-1,-1,1,0,-2,0,2,1,-3,1,-2,1,0,1,2,1,3,2,-1,2,0,2,1,3,-1,3,0,3,1,4,-3,4,-2,4,0,4,2,4,3,5,-1,5,0,5,1,6,-1,6,0,6,1,7,-3,7,-2,7,0,7,2,7,3,8,0,9,-1,9,0,9,1,10,-1,10,0,10,1,64,22,7
Fuse: WasherWoman,-10,-2,-10,-1,-10,0,-10,1,-10,2,-9,-1,-9,0,-9,1,-8,0,-5,0,-4,-1,-4,1,-3,0,1,0,2,-1,2,1,3,0,7,0,8,-1,8,1,9,0,21,20,5
Hassler: ShipsP36,-19,-10,-19,-9,-18,-10,-18,-8,-17,-8,-17,-7,-17,-6,-16,-9,-16,-5,-16,-3,-16,-2,-15,-9,-15,-8,-15,-6,-15,0,-14,-6,-14,0,-13,-9,-13,-8,-13,-6,-13,0,-12,-9,-12,-5,-12,-3,-12,-2,-12,4,-11,-8,-11,-7,-11,-6,-11,3,-11,5,-11,6,-10,-10,-10,-8,-10,7,-9,-10,-9,-9,-9,3,-9,6,-9,8,-8,5,-8,8,-7,6,-7,7,-6,-2,-6,-1,-6,0,-5,-2,-5,0,-4,-2,-4,-1,-4,0,3,-1,3,0,3,1,4,-1,4,1,5,-1,5,0,5,1,6,7,6,8,7,6,7,9,8,-9,8,-8,8,4,8,7,8,9,9,-9,9,-7,9,8,10,-7,10,-6,10,-5,10,4,10,6,10,7,11,-8,11,-4,11,-2,11,-1,11,5,12,-8,12,-7,12,-5,12,1,13,-5,13,1,14,-8,14,-7,14,-5,14,1,15,-8,15,-4,15,-2,15,-1,16,-7,16,-6,16,-5,17,-9,17,-7,18,-9,18,-8,104,38,20
Hassler: P60,-19,6,-18,-3,-18,5,-18,6,-18,7,-18,12,-17,-4,-17,-2,-17,4,-17,6,-17,8,-17,11,-17,13,-16,-3,-16,3,-16,4,-16,5,-16,7,-16,8,-16,9,-16,12,-15,4,-15,6,-15,8,-14,5,-14,6,-14,7,-12,5,-12,6,-12,7,-11,-11,-11,-10,-11,4,-11,6,-11,8,-10,-11,-10,-3,-10,3,-10,4,-10,5,-10,7,-10,8,-10,9,-10,13,-10,14,-9,-9,-9,-4,-9,-2,-9,4,-9,6,-9,8,-9,11,-9,14,-8,-10,-8,-9,-8,-8,-8,-7,-8,-3,-8,5,-8,6,-8,7,-7,-14,-7,-13,-7,-6,-7,6,-6,-17,-6,-16,-6,-13,-6,-12,-6,-11,-6,-10,-6,-9,-6,-8,-6,-7,-6,-5,-6,11,-6,12,-6,14,-5,-18,-5,-16,-5,-15,-5,-10,-5,-5,-5,13,-5,15,-5,18,-5,19,-4,-19,-4,-14,-4,-13,-4,-12,-4,-11,-4,-9,-4,-5,-4,-4,-4,14,-4,19,-3,-19,-3,-17,-3,-16,-3,-14,-3,-11,-3,-9,-3,-8,-3,-3,-3,15,-2,-18,-2,-15,-2,-14,-2,-9,-2,-6,-2,-4,-2,-3,-2,4,-2,5,-2,6,-2,15,-2,18,-1,-15,-1,-13,-1,-11,-1,-10,-1,-7,-1,-3,-1,4,-1,6,0,-15,0,-13,0,-11,0,-10,0,-7,0,-3,0,4,0,5,0,6,1,-18,1,-15,1,-14,1,-9,1,-6,1,-4,1,-3,1,15,1,18,2,-19,2,-17,2,-16,2,-14,2,-11,2,-9,2,-8,2,-3,2,15,3,-19,3,-14,3,-13,3,-12,3,-11,3,-9,3,-5,3,-4,3,14,3,19,4,-18,4,-16,4,-15,4,-10,4,-5,4,13,4,15,4,18,4,19,5,-17,5,-16,5,-13,5,-12,5,-11,5,-10,5,-9,5,-8,5,-7,5,-5,5,11,5,12,5,14,6,-14,6,-13,6,-6,6,6,7,-10,7,-9,7,-8,7,-7,7,-3,7,5,7,6,7,7,8,-9,8,-4,8,-2,8,4,8,6,8,8,8,11,8,14,9,-11,9,-3,9,3,9,4,9,5,9,7,9,8,9,9,9,13,9,14,10,-11,10,-10,10,4,10,6,10,8,11,5,11,6,11,7,13,5,13,6,13,7,14,4,14,6,14,8,15,-3,15,3,15,4,15,5,15,7,15,8,15,9,15,12,16,-4,16,-2,16,4,16,6,16,8,16,11,16,13,17,-3,17,5,17,6,17,7,17,12,18,6,250,38,39
Hassler: P22,-16,-2,-16,-1,-16,1,-16,2,-15,-2,-15,2,-14,-1,-14,0,-14,1,-12,-3,-12,-2,-12,-1,-12,0,-12,1,-12,2,-12,3,-11,-7,-11,-3,-11,0,-11,3,-11,7,-10,-9,-10,-7,-10,7,-10,9,-9,-10,-9,-5,-9,5,-9,10,-8,-10,-8,-9,-8,-8,-8,-7,-8,-6,-8,-4,-8,4,-8,6,-8,7,-8,8,-8,9,-8,10,-7,-5,-7,5,-6,-8,-6,-7,-6,-1,-6,0,-6,1,-6,7,-6,8,-5,-8,-5,-1,-5,1,-5,8,-4,-11,-4,-10,-4,-8,-4,-5,-4,-4,-4,-1,-4,0,-4,1,-4,4,-4,5,-4,8,-4,10,-4,11,-3,-11,-3,-9,-3,-5,-3,5,-3,9,-3,11,-2,-8,-2,-7,-2,-6,-2,-3,-2,3,-2,6,-2,7,-2,8,-1,-5,-1,-4,-1,-3,-1,3,-1,4,-1,5,0,-6,0,6,1,-5,1,-4,1,-3,1,3,1,4,1,5,2,-8,2,-7,2,-6,2,-3,2,3,2,6,2,7,2,8,3,-11,3,-9,3,-5,3,5,3,9,3,11,4,-11,4,-10,4,-8,4,-5,4,-4,4,-1,4,0,4,1,4,4,4,5,4,8,4,10,4,11,5,-8,5,-1,5,1,5,8,6,-8,6,-7,6,-1,6,0,6,1,6,7,6,8,7,-5,7,5,8,-10,8,-9,8,-8,8,-7,8,-6,8,-4,8,4,8,6,8,7,8,8,8,9,8,10,9,-10,9,-5,9,5,9,10,10,-9,10,-7,10,7,10,9,11,-7,11,-3,11,0,11,3,11,7,12,-3,12,-2,12,-1,12,0,12,1,12,2,12,3,14,-1,14,0,14,1,15,-2,15,2,16,-2,16,-1,16,1,16,2,176,33,23
Hassler: P55,-21,-5,-21,5,-20,-6,-20,-4,-20,4,-20,6,-19,-5,-19,5,-17,-7,-17,-6,-17,-5,-17,-4,-17,-3,-17,3,-17,4,-17,5,-17,6,-17,7,-16,-8,-16,-3,-16,3,-16,8,-15,-9,-15,-6,-15,6,-15,9,-14,-12,-14,-9,-14,-7,-14,-6,-14,6,-14,7,-14,9,-14,12,-13,-13,-13,-11,-13,-9,-13,-3,-13,3,-13,9,-13,11,-13,13,-12,-12,-12,-9,-12,-4,-12,-2,-12,2,-12,4,-12,9,-12,12,-11,-9,-11,-8,-11,-5,-11,-2,-11,2,-11,5,-11,8,-11,9,-10,-4,-10,-3,-10,3,-10,4,-9,-12,-9,-11,-8,-13,-8,-10,-8,9,-8,10,-7,-13,-7,-12,-7,-11,-7,-8,-7,9,-6,-10,-6,-9,-6,-8,-6,7,-6,9,-5,-11,-5,7,-5,8,-4,-11,-4,-10,-4,1,-4,2,-4,3,-3,1,-3,3,-2,1,-2,2,-2,3,2,1,2,2,2,3,3,1,3,3,4,-11,4,-10,4,1,4,2,4,3,5,-11,5,7,5,8,6,-10,6,-9,6,-8,6,7,6,9,7,-13,7,-12,7,-11,7,-8,7,9,8,-13,8,-10,8,9,8,10,9,-12,9,-11,10,-4,10,-3,10,3,10,4,11,-9,11,-8,11,-5,11,-2,11,2,11,5,11,8,11,9,12,-12,12,-9,12,-4,12,-2,12,2,12,4,12,9,12,12,13,-13,13,-11,13,-9,13,-3,13,3,13,9,13,11,13,13,14,-12,14,-9,14,-7,14,-6,14,6,14,7,14,9,14,12,15,-9,15,-6,15,6,15,9,16,-8,16,-3,16,3,16,8,17,-7,17,-6,17,-5,17,-4,17,-3,17,3,17,4,17,5,17,6,17,7,19,-5,19,5,20,-6,20,-4,20,4,20,6,21,-5,21,5,182,43,27
Hassler: P96,-20,-9,-20,-8,-20,3,-20,4,-19,-10,-19,-7,-19,2,-19,5,-18,-10,-18,-9,-18,-8,-18,-5,-18,-4,-18,-3,-18,-2,-18,-1,-18,0,-18,3,-18,4,-18,5,-17,-7,-17,-6,-17,1,-17,2,-16,-8,-16,3,-15,-8,-15,-7,-15,-5,-15,0,-15,2,-15,3,-14,-3,-14,-2,-13,10,-12,-12,-12,-1,-12,5,-12,6,-12,7,-12,11,-11,-13,-11,-9,-11,-8,-11,-7,-11,-2,-11,0,-11,4,-11,5,-11,6,-11,7,-11,8,-11,10,-10,-12,-10,-10,-10,-9,-10,-8,-10,-7,-10,-6,-10,6,-9,-8,-9,-2,-9,-1,-9,0,-9,5,-9,6,-8,-8,-8,-7,-8,5,-8,6,-8,13,-8,14,-7,-8,-7,-7,-7,11,-7,13,-7,14,-6,10,-5,-11,-5,-10,-5,13,-4,-10,-4,9,-4,10,-4,12,-3,-10,-3,-8,-3,9,-3,10,-2,-9,-2,-8,-2,0,-2,1,-2,2,-1,0,-1,2,0,0,0,1,0,2,2,8,2,9,3,-10,3,-9,3,8,3,10,4,-12,4,-10,4,-9,4,10,5,-13,5,10,5,11,6,-10,7,-14,7,-13,7,-11,7,7,7,8,8,-14,8,-13,8,-6,8,-5,8,7,8,8,9,-6,9,-5,9,0,9,1,9,2,9,8,10,-6,10,6,10,7,10,8,10,9,10,10,10,12,11,-10,11,-8,11,-7,11,-6,11,-5,11,-4,11,0,11,2,11,7,11,8,11,9,11,13,12,-11,12,-7,12,-6,12,-5,12,1,12,12,13,-10,14,2,14,3,15,-3,15,-2,15,0,15,5,15,7,15,8,16,-3,16,8,17,-2,17,-1,17,6,17,7,18,-5,18,-4,18,-3,18,0,18,1,18,2,18,3,18,4,18,5,18,8,18,9,18,10,19,-5,19,-2,19,7,19,10,20,-4,20,-3,20,8,20,9,190,41,29
Induction Coil: Anvil,-3,0,-2,-1,-2,1,-1,-1,-1,1,0,-2,0,-1,0,1,1,1,2,-2,2,-1,2,0,3,-2,13,7,4
Induction Coil: Bookend,-2,-1,-2,0,-1,-1,0,-1,0,1,1,0,1,1,7,4,3
Induction Coil: Bun,-2,0,-1,-1,-1,1,0,-1,0,1,1,-1,1,0,7,4,3
Induction Coil: Cap,-2,-1,-2,0,-1,-1,-1,1,0,-1,0,1,1,-1,1,0,8,4,3
Induction Coil: Cover,-2,-2,-1,-2,-1,-1,-1,0,0,1,1,1,2,1,2,2,8,5,5
Induction Coil: Dock,-3,-1,-3,0,-2,-1,-2,1,-1,1,0,1,1,-1,1,1,2,-1,2,0,10,6,3
Induction Coil: LongBookend,-2,-1,-2,0,-1,-1,0,-1,1,-1,1,1,2,0,2,1,8,5,3
Induction Coil: Table,-2,-1,-2,0,-1,0,0,0,1,-1,1,0,6,4,2
Induction Coil: Teardrop,-2,-1,-2,0,-2,1,-1,-2,-1,1,0,-2,0,1,1,-1,1,0,9,4,4
Methuselah: Acorn,-3,-1,-2,-1,-2,1,0,0,1,-1,2,-1,3,-1,7,7,3
Methuselah: BHeptomino,-2,-1,-2,0,-1,0,-1,1,0,-1,0,0,1,-1,7,4,3
Methuselah: BlockAndGlider,-2,0,-2,1,-1,1,0,-1,0,0,1,-1,6,4,3
Methuselah: Bunnies,-4,1,-3,-2,-2,-1,-2,0,-1,-2,1,-1,2,0,2,1,3,-1,9,8,4
Methuselah: CHeptomino,-2,0,-1,-1,-1,0,-1,1,0,0,0,1,1,1,7,4,3
Methuselah: Diehard,-4,0,-3,-1,-3,0,1,-1,2,-1,2,1,3,-1,7,8,3
Methuselah: FHeptomino,-2,1,-1,-2,-1,-1,-1,0,-1,1,0,-2,1,-2,7,4,4
Methuselah: GlidersByDozen,-2,-1,-2,0,-2,1,-1,1,1,-1,2,-1,2,0,2,1,8,5,3
Methuselah: Herschel,-1,-1,-1,0,-1,1,0,0,1,-2,1,-1,1,0,7,3,4
Methuselah: MultumInParvo,-3,-2,-2,-1,-1,0,0,1,1,1,2,0,2,1,7,6,4
Methuselah: Octomino,-2,-1,-1,-2,-1,-1,0,-1,0,0,0,1,1,0,1,1,8,4,4
Methuselah: PiHeptomino,-1,-1,-1,0,-1,1,0,1,1,-1,1,0,1,1,7,3,3
Methuselah: Rabbits,-3,0,-3,1,-2,-1,-2,0,-1,0,1,1,2,0,2,1,3,1,9,7,3
Methuselah: RHeptomino,-1,0,0,-1,0,0,0,1,1,1,5,3,3
Methuselah: RPent,-1,1,0,-1,0,0,0,1,1,0,5,3,3
Methuselah: SwitchEngine,-3,0,-2,-1,-2,1,0,-2,0,1,1,-2,1,-1,2,-2,8,6,4
Methuselah: Thunderbird,-1,2,0,-2,0,-1,0,0,0,2,1,2,6,3,5
Misc: ak47,-23,-7,-23,-3,-23,1,-22,-9,-22,-8,-22,-7,-22,-4,-22,-2,-22,1,-22,2,-22,3,-21,-10,-21,-4,-21,-2,-21,4,-20,-11,-20,-9,-20,-8,-20,-7,-20,-6,-20,-5,-20,-3,-20,-1,-20,0,-20,1,-20,2,-20,3,-20,5,-19,-11,-19,-5,-19,-1,-19,5,-18,-10,-18,-7,-18,-5,-18,-3,-18,0,-18,2,-18,4,-17,-9,-17,-7,-17,-6,-17,-4,-17,-3,-17,-2,-17,2,-17,3,-16,-8,-16,-7,-16,-5,-15,-7,-15,-6,-15,-4,-15,-3,-15,-2,-14,-7,-14,-2,-14,-1,-14,0,-14,1,-13,-7,-13,-5,-13,-4,-13,1,-6,-12,-6,-11,-5,-12,-5,-11,-5,-5,-5,-4,-5,-3,-4,-6,-4,-2,-4,11,-4,12,-3,-7,-3,-1,-3,11,-2,-7,-2,-1,-2,9,-2,11,-1,-7,-1,-1,-1,9,-1,10,0,-10,0,-9,0,-6,0,-2,1,-11,1,-9,1,-5,1,-4,1,-3,2,-11,3,-12,3,-11,4,11,4,12,5,11,5,12,12,0,12,5,12,7,13,-2,13,-1,13,4,13,5,13,6,13,7,14,1,14,2,14,3,14,4,14,6,16,-3,16,3,16,4,16,7,16,8,16,9,17,-4,17,-2,17,-1,17,1,17,3,17,5,17,7,17,8,17,10,18,-5,18,-3,18,1,18,5,18,11,19,-5,19,-3,19,-2,19,-1,19,0,19,1,19,3,19,5,19,6,19,7,19,8,19,9,19,11,20,-4,20,2,20,4,20,10,21,-3,21,-2,21,-1,21,2,21,4,21,7,21,8,21,9,22,-1,22,3,22,7,164,46,25
Misc: boatStretcher,-25,2,-24,2,-24,3,-23,-3,-23,1,-23,3,-22,-2,-22,-1,-21,-5,-21,-2,-20,-6,-20,-3,-20,-1,-20,0,-19,-6,-19,-1,-19,0,-19,2,-19,3,-19,4,-18,-3,-18,2,-18,5,-17,-5,-17,-4,-17,1,-17,6,-16,-5,-16,-4,-16,-2,-16,0,-16,6,-16,10,-16,11,-15,-5,-15,5,-15,6,-15,11,-15,12,-14,-6,-14,4,-14,10,-13,-6,-13,-5,-13,-4,-13,3,-13,6,-13,7,-12,-8,-12,-6,-12,6,-12,7,-12,9,-11,-8,-11,-7,-11,3,-11,8,-11,9,-10,5,-10,7,-10,10,-9,0,-9,3,-9,4,-8,0,-8,2,-8,3,-8,4,-8,8,-7,-1,-7,0,-7,1,-7,6,-7,7,-6,-2,-5,-3,-5,-1,-4,-4,-4,-2,-3,-5,-3,-3,-2,-6,-2,-4,-1,-7,-1,-5,0,-8,0,-6,1,-9,1,-7,2,-10,2,-8,3,-11,3,-9,5,-13,5,-12,5,-9,6,-13,6,-12,7,-10,7,-9,8,-10,8,-9,10,-11,11,-12,11,-11,11,-10,11,-9,11,-7,11,-6,11,-5,12,-13,12,-11,12,-8,12,-5,13,-12,13,-8,13,-7,13,-6,14,-13,14,-8,15,-10,15,-9,15,-7,15,-6,16,-10,16,-9,16,-6,17,-9,18,-7,18,-6,18,-5,19,-7,20,-7,20,-5,21,-7,21,-5,22,-12,22,-11,22,-9,22,-8,22,-7,22,-5,23,-13,23,-9,23,-7,23,-6,24,-13,24,-10,24,-9,24,-7,24,-6,151,50,26
Misc: butterfly,-2,-1,-2,0,-2,1,-1,-2,-1,0,0,-2,0,-1,1,-2,8,4,4
Misc: cheshireCat,-3,-2,-3,-1,-3,0,-2,-3,-2,1,-2,2,-1,-3,-1,-1,-1,1,0,-3,0,-1,0,1,1,-3,1,1,1,2,2,-2,2,-1,2,0,18,6,6
Misc: electricFence,-33,1,-33,2,-32,-3,-32,-2,-32,0,-32,2,-31,-5,-31,-2,-31,0,-30,-5,-30,-4,-30,0,-30,1,-29,0,-28,-2,-28,1,-27,-2,-27,-1,-27,0,-27,1,-26,2,-25,-4,-25,-3,-25,-2,-25,-1,-25,2,-25,3,-24,-5,-24,-2,-24,2,-23,-4,-23,0,-23,1,-23,2,-22,-3,-22,-2,-22,-1,-22,1,-21,1,-20,-3,-20,-2,-20,-1,-19,-4,-19,-2,-19,0,-19,1,-18,-4,-18,-2,-17,-5,-17,-4,-17,-2,-17,0,-17,1,-17,4,-17,5,-16,-3,-16,-1,-16,0,-16,5,-15,-3,-15,-1,-15,1,-15,2,-15,3,-15,4,-14,-5,-14,-4,-14,1,-13,-4,-13,-2,-13,-1,-13,4,-13,5,-13,6,-12,-4,-12,-2,-12,4,-12,7,-11,-3,-11,-1,-11,0,-11,6,-11,7,-10,-6,-10,-5,-10,-4,-10,-1,-10,0,-10,2,-9,-6,-9,-1,-9,2,-8,0,-8,1,-7,0,-7,1,-5,-1,-5,2,-4,-1,-4,2,-3,0,-3,1,-2,0,-2,1,0,-1,0,2,1,-1,1,2,2,0,2,1,3,0,3,1,5,-1,5,2,6,-1,6,2,7,0,7,1,8,0,8,1,10,0,11,0,11,4,11,5,12,-2,12,-1,12,1,12,2,12,5,13,-1,13,0,13,2,13,3,14,-4,15,-5,15,-3,15,-1,16,-4,16,0,16,4,17,0,17,1,17,3,17,4,19,-3,19,-1,19,0,19,2,19,3,19,4,20,-4,20,-1,20,1,20,5,21,-6,21,-5,21,-4,21,-2,21,0,21,3,21,5,22,-7,22,-2,22,1,22,2,22,3,22,4,23,-6,23,-5,23,-3,24,-5,24,-3,24,-2,24,1,24,2,24,3,24,4,25,-5,25,-1,25,0,25,1,25,4,26,-4,26,-3,26,-2,26,-1,26,1,26,3,27,3,27,4,28,-2,28,0,28,2,29,-4,29,-3,29,-2,29,0,29,2,30,-5,30,1,31,-4,31,-3,31,-2,31,-1,31,0,32,-2,206,66,15
Misc: gliderGun,-18,-2,-18,-1,-17,-2,-17,-1,-7,-2,-7,-1,-7,0,-6,-3,-6,1,-5,-4,-5,2,-4,-3,-4,1,-3,-2,-3,-1,-3,0,-2,-2,-2,-1,-2,0,3,0,3,1,3,2,4,-1,4,0,4,2,4,3,5,-1,5,0,5,2,5,3,6,-1,6,0,6,1,6,2,6,3,7,-2,7,-1,7,3,7,4,12,2,12,3,16,0,16,1,17,0,17,1,45,36,9
Misc: prePulsar,-4,-1,-4,0,-4,1,-3,-1,-3,1,-2,-1,-2,0,-2,1,2,-1,2,0,2,1,3,-1,3,1,4,-1,4,0,4,1,16,9,3
Misc: queenBee,-2,-3,-2,-2,-2,2,-2,3,-1,-2,-1,-1,-1,0,-1,1,-1,2,0,-2,0,-1,0,1,0,2,1,-2,1,-1,1,1,1,2,2,-1,2,0,2,1,20,5,7
Misc: rePhaser,-4,-2,-3,-1,-2,-3,-2,-2,-2,-1,-1,2,-1,3,0,2,0,3,1,-3,1,-2,1,-1,2,-1,3,-2,14,8,7
Misc: stairstepHexonimo,-2,-1,-1,-1,-1,0,0,0,0,1,1,1,6,4,3
Misc: wickStretcher,-4,-5,-4,-4,-4,-3,-4,2,-4,3,-4,4,-2,-5,-2,-3,-2,2,-2,4,-1,-5,-1,-3,-1,2,-1,4,1,-4,1,-1,1,0,1,3,2,-5,2,-4,2,-2,2,1,2,3,2,4,3,-5,3,4,4,-3,4,2,5,-4,5,-3,5,2,5,3,7,-5,7,-3,7,2,7,4,8,-6,8,-3,8,2,8,5,9,-7,9,-6,9,5,9,6,10,-7,10,-6,10,-2,10,1,10,5,10,6,11,-5,11,-1,11,0,11,4,12,-6,12,-5,12,4,12,5,13,-8,13,-5,13,-3,13,-1,13,0,13,2,13,4,13,7,14,-8,14,-5,14,-4,14,3,14,4,14,7,15,-7,15,6,16,-5,16,-4,16,3,16,4,17,-4,17,3,18,-5,18,-4,18,-1,18,0,18,3,18,4,19,-1,19,0,20,-1,20,0,22,-1,23,-1,23,3,23,4,24,-3,24,-2,24,0,24,1,24,4,25,-2,25,-1,25,1,25,2,26,-5,27,-6,27,-4,27,-2,28,-5,28,-1,28,3,29,-1,29,0,29,2,29,3,31,-4,31,-2,31,-1,31,1,31,2,31,3,32,-5,32,-2,32,0,32,4,33,-7,33,-6,33,-5,33,-3,33,-1,33,2,33,4,34,-8,34,-3,34,0,34,1,34,2,34,3,35,-7,35,-6,35,-4,36,-6,36,-4,36,-3,36,0,36,1,36,2,36,3,37,-6,37,-2,37,-1,37,0,37,3,38,-5,38,-4,38,-3,38,-2,38,0,38,2,39,2,39,3,40,-3,40,-1,40,1,41,-5,41,-4,41,-3,41,-1,41,1,42,-6,42,0,43,-5,43,-4,43,-3,43,-2,43,-1,44,-3,176,89,16
Oscilator: 101,-9,-3,-9,-2,-9,1,-9,2,-8,-3,-8,-2,-8,1,-8,2,-6,-5,-6,-4,-6,-3,-6,-2,-6,-1,-6,0,-6,1,-6,2,-6,3,-6,4,-5,-6,-5,5,-4,-6,-4,-5,-4,-2,-4,-1,-4,0,-4,1,-4,4,-4,5,-2,-1,-2,0,-1,-2,-1,1,0,-2,0,1,1,-1,1,0,3,-6,3,-5,3,-2,3,-1,3,0,3,1,3,4,3,5,4,-6,4,5,5,-5,5,-4,5,-3,5,-2,5,-1,5,0,5,1,5,2,5,3,5,4,7,-3,7,-2,7,1,7,2,8,-3,8,-2,8,1,8,2,64,18,12
Oscilator: 1234,-5,0,-5,1,-4,1,-3,0,-2,-1,-2,1,-2,2,-2,3,-1,-4,-1,-1,-1,1,-1,4,0,-5,0,-3,0,-1,0,1,0,2,0,3,0,5,1,-4,1,-1,1,1,1,4,2,-1,2,1,2,2,2,3,3,0,4,1,5,0,5,1,31,11,11
Oscilator: AchimsP144,-14,-9,-14,-8,-14,8,-14,9,-13,-9,-13,-8,-13,8,-13,9,-7,-6,-6,-7,-6,-5,-5,-7,-5,-5,-4,-6,-2,-3,-2,-2,-2,-1,-1,-3,-1,-1,-1,0,-1,1,-1,2,-1,3,0,-3,0,-2,0,-1,0,0,0,1,0,3,1,1,1,2,1,3,3,6,4,5,4,7,5,5,5,7,6,6,12,-9,12,-8,12,8,12,9,13,-9,13,-8,13,8,13,9,46,28,19
Oscilator: AchimsP16,-6,1,-6,2,-5,1,-5,3,-4,-4,-4,1,-4,3,-4,4,-3,-5,-3,-4,-3,2,-2,-6,-2,-3,-1,-6,-1,-5,-1,-4,1,4,1,5,1,6,2,3,2,6,3,-2,3,4,3,5,4,-4,4,-3,4,-1,4,4,5,-3,5,-1,6,-2,6,-1,32,13,13
Oscilator: AForAll,-5,-1,-5,0,-4,-2,-4,1,-2,-4,-2,-3,-2,-2,-2,1,-2,2,-2,3,-1,-5,-1,-3,-1,2,-1,4,0,-5,0,-3,0,2,0,4,1,-4,1,-3,1,-2,1,1,1,2,1,3,3,-2,3,1,4,-1,4,0,28,10,10
Oscilator: AirForce,-7,-2,-7,-1,-6,-2,-6,-1,-4,-2,-4,-1,-4,0,-4,1,-3,-3,-3,2,-2,-6,-2,-3,-2,0,-2,1,-2,3,-1,-7,-1,-5,-1,-3,-1,1,-1,3,-1,6,0,-6,0,-3,0,-1,0,3,0,5,0,7,1,-3,1,-1,1,0,1,3,1,6,2,-2,2,3,3,-1,3,0,3,1,3,2,5,1,5,2,6,1,6,2,42,14,15
Oscilator: AlJolson,-6,6,-6,7,-6,8,-5,5,-5,9,-4,5,-4,9,-3,-6,-3,6,-3,7,-3,8,-2,-7,-2,-6,-2,-5,-1,-8,-1,-7,-1,-5,-1,-4,-1,1,0,-9,0,-8,0,-7,0,-5,0,-4,0,-3,0,0,1,-9,1,-8,1,-7,1,-5,1,-4,1,-3,1,0,1,2,2,-9,2,-8,2,-7,2,-5,2,-4,2,-3,2,1,2,6,2,7,2,8,3,-9,3,-8,3,-7,3,-5,3,-4,3,-3,3,5,3,9,4,-8,4,-7,4,-5,4,-4,4,0,4,1,4,5,4,9,5,-7,5,-6,5,-5,5,0,5,1,5,6,5,7,5,8,6,-6,69,13,19
Oscilator: BakersDozen,-11,3,-11,4,-11,5,-10,4,-10,5,-9,3,-9,4,-8,4,-7,0,-7,1,-6,1,-6,3,-6,4,-5,3,-4,3,-1,-5,-1,-4,-1,0,-1,1,0,-5,0,-4,0,-1,0,2,0,4,0,5,1,-1,1,1,1,4,1,5,2,0,4,-3,5,-3,6,-4,6,-3,6,-1,7,-1,7,0,8,-4,9,-4,9,-3,10,-5,10,-4,11,-5,11,-4,11,-3,45,23,11
Oscilator: BarberPole,-3,-3,-3,-2,-2,-3,-2,-1,0,-1,0,1,2,1,2,3,3,2,3,3,10,7,7
Oscilator: Beacon,-2,-2,-2,-1,-1,-2,-1,-1,0,0,0,1,1,0,1,1,8,4,4
Oscilator: BiPole,-2,-2,-2,-1,-1,-2,0,-1,0,1,1,2,2,1,2,2,8,5,5
Oscilator: Blinker,-1,0,0,0,1,0,3,3,1
Oscilator: Blocker,-5,0,-5,1,-4,0,-4,1,-2,1,-1,0,-1,2,0,-1,0,2,1,-2,1,1,3,-2,3,1,4,0,4,1,15,10,5
Oscilator: Boss,-5,-2,-5,-1,-4,-1,-4,0,-4,1,-3,-3,-3,2,-2,-4,-2,-2,-2,-1,-2,0,-2,1,-2,3,-1,-6,-1,-5,-1,-4,-1,3,-1,4,-1,5,0,-7,0,-2,0,1,0,6,1,-6,1,-5,1,-4,1,3,1,4,1,5,2,-4,2,-2,2,-1,2,0,2,1,2,3,3,-3,3,2,4,-1,4,0,4,1,5,-2,5,-1,42,11,14
Oscilator: BugP5,-10,-10,-9,-10,-9,-9,-9,-8,-8,-7,-7,-8,-7,-7,-5,-3,-4,-6,-4,-5,-4,-4,-4,-3,-3,-6,-1,1,0,-2,0,-1,0,0,0,1,1,-2,3,5,4,2,4,3,4,4,4,5,5,2,7,6,7,7,8,6,9,7,9,8,9,9,10,9,32,21,20
Oscilator: BugZapperP2,-12,6,-12,7,-11,6,-11,7,-9,4,-9,5,-9,6,-9,7,-8,4,-8,8,-7,7,-7,9,-7,11,-7,12,-6,5,-6,7,-6,9,-6,11,-6,12,-5,5,-5,9,-4,3,-4,4,-4,8,-4,9,-2,2,-2,3,-1,1,0,-1,0,1,1,-1,2,-3,2,-2,4,-9,4,-8,4,-4,4,-3,5,-9,5,-5,6,-12,6,-11,6,-9,6,-7,6,-5,7,-12,7,-11,7,-9,7,-7,8,-8,8,-4,9,-7,9,-6,9,-5,9,-4,11,-7,11,-6,12,-7,12,-6,58,25,25
Oscilator: Caterer,-4,1,-3,1,-2,1,-1,0,-1,1,0,-2,1,-3,1,2,2,-3,3,-1,3,0,3,1,12,8,6
Oscilator: Cauldron,-5,0,-5,1,-4,0,-3,1,-2,-2,-2,-1,-2,0,-2,2,-1,-6,-1,-5,-1,-3,-1,2,-1,5,0,-5,0,-3,0,2,0,4,0,6,1,-6,1,-3,1,2,1,5,2,-6,2,-5,2,-2,2,-1,2,0,2,2,3,1,4,0,5,0,5,1,32,11,13
Oscilator: Centinal,-26,-8,-26,8,-25,-8,-25,-7,-25,-6,-25,6,-25,7,-25,8,-24,-5,-24,5,-23,-6,-23,-5,-23,5,-23,6,-16,-3,-16,3,-15,-4,-15,-3,-15,-2,-15,2,-15,3,-15,4,-14,-5,-14,-4,-14,-2,-14,2,-14,4,-14,5,-11,-2,-11,2,-10,-2,-10,2,-1,-6,-1,-5,-1,5,-1,6,0,-6,0,-5,0,5,0,6,13,-5,13,-4,13,-2,13,2,13,4,13,5,14,-5,14,-2,14,2,14,5,15,-4,15,-3,15,-2,15,2,15,3,15,4,22,-6,22,-5,22,5,22,6,23,-5,23,5,24,-8,24,-7,24,-6,24,6,24,7,24,8,25,-8,25,8,70,52,17
Oscilator: ChampagneGlass,-7,2,-7,3,-6,1,-6,3,-5,1,-4,-1,-4,0,-4,2,-4,3,-4,4,-4,5,-3,-2,-3,0,-3,2,-3,5,-2,-2,-1,-5,-1,-4,-1,-2,-1,1,0,-4,0,-2,1,-6,1,-4,1,-2,1,0,2,-6,2,-5,2,-2,2,0,3,-2,3,0,3,2,3,5,4,-1,4,0,4,2,4,3,4,4,4,5,5,1,6,1,6,3,7,2,7,3,45,15,12
Oscilator: Chemist,-7,-2,-7,-1,-6,-2,-6,1,-5,-1,-5,0,-5,1,-3,-4,-3,-3,-3,-2,-3,-1,-3,0,-3,1,-3,2,-3,3,-2,-5,-2,4,-1,-5,-1,-1,-1,0,-1,1,-1,3,-1,4,0,-6,0,-5,0,-2,0,4,1,-2,1,-1,1,1,1,2,1,3,2,-2,3,-1,3,0,3,1,3,2,3,3,3,4,3,5,5,1,5,2,5,3,6,1,6,4,7,3,7,4,47,15,12
Oscilator: CisBeaconOnAnvil,-3,-2,-2,-3,-2,-1,-2,1,-2,2,-1,-3,-1,-1,-1,1,-1,2,0,-4,0,-3,0,-1,0,3,0,4,1,-1,1,3,1,4,2,-4,2,-3,2,-2,3,-4,21,7,9
Oscilator: CisBeaconOnTable,-2,-3,-2,-2,-2,0,-2,1,-1,-2,-1,0,-1,1,0,-2,0,2,0,3,1,-3,1,-2,1,2,1,3,14,4,7
Oscilator: ClawCornersP3,-6,-4,-6,-3,-6,-2,-6,2,-6,3,-6,4,-4,-6,-4,-1,-4,1,-4,6,-3,-6,-3,-1,-3,1,-3,6,-2,-6,-2,-1,-2,1,-2,6,-1,-4,-1,-3,-1,-2,-1,2,-1,3,-1,4,1,-4,1,-3,1,-2,1,2,1,3,1,4,2,-6,2,-1,2,1,2,6,3,-6,3,-1,3,1,3,6,4,-6,4,-1,4,1,4,6,6,-4,6,-3,6,-2,6,2,6,3,6,4,48,13,13
Oscilator: Clock,-6,0,-6,1,-5,0,-5,1,-3,-2,-3,-1,-3,0,-3,1,-2,-6,-2,-5,-2,-3,-2,2,-1,-6,-1,-5,-1,-3,-1,-2,-1,2,0,-3,0,-1,0,0,0,2,0,4,0,5,1,-3,1,2,1,4,1,5,2,-2,2,-1,2,0,2,1,4,-2,4,-1,5,-2,5,-1,35,12,12
Oscilator: ClockP2,-2,0,-1,-2,-1,0,0,-1,0,1,1,-1,6,4,4
Oscilator: Cloverleaf,-4,-3,-4,-2,-4,2,-4,3,-3,-4,-3,-1,-3,1,-3,4,-2,-4,-2,-2,-2,-1,-2,1,-2,2,-2,4,-1,-5,-1,-4,-1,-1,-1,1,-1,4,-1,5,0,-3,0,-2,0,2,0,3,1,-5,1,-4,1,-1,1,1,1,4,1,5,2,-4,2,-2,2,-1,2,1,2,2,2,4,3,-4,3,-1,3,1,3,4,4,-3,4,-2,4,2,4,3,44,9,11
Oscilator: CoesP8,-6,1,-6,2,-5,1,-5,2,-2,-1,-2,1,-1,-3,-1,0,-1,1,0,0,1,-3,1,-2,1,-1,4,-3,4,-2,5,-3,5,-2,17,12,6
Oscilator: ConfusedEaters,-5,4,-5,5,-4,4,-3,1,-3,2,-3,4,-2,-2,-2,-1,-2,3,-1,-2,0,-1,0,0,0,1,2,-3,2,-2,3,-2,4,-5,4,-4,4,-3,5,-5,20,11,11
Oscilator: Cross,-4,-2,-4,-1,-4,0,-4,1,-3,-2,-3,1,-2,-4,-2,-3,-2,-2,-2,1,-2,2,-2,3,-1,-4,-1,3,0,-4,0,3,1,-4,1,-3,1,-2,1,1,1,2,1,3,2,-2,2,1,3,-2,3,-1,3,0,3,1,28,8,8
Oscilator: CupP40,-13,7,-13,8,-13,9,-13,10,-12,2,-12,3,-12,11,-11,2,-11,3,-11,6,-11,7,-11,11,-10,6,-10,7,-10,10,-7,-4,-6,-5,-6,-3,-5,-4,-4,-11,-4,-10,-3,-11,-3,-8,-3,-7,-3,-6,-2,-10,-2,-9,-1,-5,0,-5,1,-10,1,-9,1,0,2,-11,2,-8,2,-7,2,-6,2,-1,2,0,2,1,2,2,3,-11,3,-10,3,-1,3,3,4,-4,4,0,4,3,5,-5,5,-3,5,0,5,1,5,2,6,-4,9,3,9,4,9,5,9,6,10,2,10,10,10,11,11,2,11,6,11,7,11,10,11,11,12,3,12,6,12,7,68,26,23
Oscilator: Diamondring,-6,0,-5,-1,-5,1,-4,-2,-4,0,-4,2,-3,-2,-3,2,-2,-4,-2,-3,-2,0,-2,3,-2,4,-1,-5,-1,0,-1,5,0,-6,0,-4,0,-2,0,-1,0,1,0,2,0,4,0,6,1,-5,1,0,1,5,2,-4,2,-3,2,0,2,3,2,4,3,-2,3,2,4,-2,4,0,4,2,5,-1,5,1,6,0,40,13,13
Oscilator: DinnerTable,-6,-5,-5,-5,-5,-4,-5,-3,-5,5,-5,6,-4,-2,-4,5,-3,-3,-3,-2,-3,3,-3,5,-2,3,-2,4,-1,-1,-1,0,0,-1,0,0,1,-1,1,0,2,-4,2,-3,3,-5,3,-3,3,2,3,3,4,-5,4,2,5,-6,5,-5,5,3,5,4,5,5,6,5,34,13,13
Oscilator: EaterBlockFrob,-5,-5,-5,-4,-4,-4,-4,4,-3,-4,-3,-2,-3,2,-3,3,-3,4,-2,-3,-2,-2,-2,1,-1,2,0,0,0,1,1,0,3,-1,3,0,4,-1,4,0,20,10,10
Oscilator: EaterBoundPond,-6,4,-6,5,-5,4,-4,2,-4,4,-3,-2,-3,-1,-3,1,-3,2,-3,3,-2,-3,-2,0,-2,1,-1,-3,-1,0,0,-2,0,-1,1,-3,1,-2,2,-4,2,-3,3,-3,4,-6,4,-5,4,-4,5,-6,26,12,12
Oscilator: Elkies,-4,2,-3,3,-2,-1,-2,1,-1,-1,-1,0,-1,2,0,-3,0,-2,0,2,1,-4,1,-1,1,0,1,2,2,-4,2,-3,2,-1,3,-1,4,-1,4,0,20,9,8
Oscilator: Eureka,-9,-4,-9,4,-8,-5,-8,-3,-8,3,-8,5,-7,-4,-7,4,-4,-3,-4,3,-3,-3,-3,3,-2,-4,-2,-2,-2,2,-2,4,-1,-3,-1,3,0,-3,0,3,6,-4,6,4,7,-5,7,-3,7,3,7,5,8,-4,8,4,28,18,11
Oscilator: Exploder,-2,-2,-2,-1,-2,0,-2,1,-2,2,0,-2,0,2,2,-2,2,-1,2,0,2,1,2,2,12,5,5
Oscilator: Figure8,-3,0,-3,1,-3,2,-2,0,-2,1,-2,2,-1,0,-1,1,-1,2,0,-3,0,-2,0,-1,1,-3,1,-2,1,-1,2,-3,2,-2,2,-1,18,6,6
Oscilator: ForeAndBack,-3,-1,-3,0,-3,2,-3,3,-2,-2,-2,0,-2,2,-2,3,-1,-3,0,-3,0,-2,0,-1,0,1,0,2,0,3,1,3,2,-3,2,-2,2,0,2,2,3,-3,3,-2,3,0,3,1,24,7,7
Oscilator: Fountain,-9,-1,-9,0,-8,-2,-8,0,-7,-2,-6,-5,-6,-4,-6,-2,-6,-1,-6,4,-6,5,-5,-7,-5,-4,-5,-3,-5,3,-5,5,-4,-7,-4,-6,-4,-2,-4,3,-3,-2,-3,1,-3,5,-2,-2,-2,-1,-2,1,-2,3,-1,-2,-1,3,0,-3,0,-2,0,-1,0,4,0,7,1,-2,1,3,2,-2,2,-1,2,1,2,3,3,-2,3,1,3,5,4,-7,4,-6,4,-2,4,3,5,-7,5,-4,5,-3,5,3,5,5,6,-5,6,-4,6,-2,6,-1,6,4,6,5,7,-2,8,-2,8,0,9,-1,9,0,63,19,15
Oscilator: FourKissesP16,-10,0,-10,5,-9,-2,-9,-1,-9,1,-9,2,-9,3,-9,4,-9,6,-9,7,-8,-9,-8,0,-8,5,-7,-9,-6,-10,-6,-8,-5,-9,-4,-9,-3,-9,-3,-3,-3,-2,-3,1,-3,2,-2,-9,-2,-3,-2,-2,-2,1,-2,2,-2,8,-1,-10,-1,-8,-1,8,0,-9,0,7,0,9,1,-9,1,-3,1,-2,1,1,1,2,1,8,2,-3,2,-2,2,1,2,2,2,8,3,8,4,8,5,7,5,9,6,8,7,-6,7,-1,7,8,8,-8,8,-7,8,-5,8,-4,8,-3,8,-2,8,0,8,1,9,-6,9,-1,64,20,20
Oscilator: FrenchKiss,-5,3,-5,4,-4,3,-3,0,-3,1,-3,3,-2,-1,-2,2,-1,-1,0,1,1,-2,1,1,2,-3,2,-1,2,0,3,-3,4,-4,4,-3,18,10,9
Oscilator: Fumarole,-4,-3,-4,-2,-3,-3,-3,0,-3,1,-3,2,-2,-2,-2,-1,-1,3,0,3,1,-2,1,-1,2,-3,2,0,2,1,2,2,3,-3,3,-2,18,8,7
Oscilator: Glasses,-9,1,-8,1,-8,2,-8,3,-7,4,-6,-1,-6,0,-6,1,-6,4,-5,-5,-5,-4,-5,-2,-5,2,-5,4,-5,5,-4,-4,-4,-2,-4,2,-3,-5,-3,-2,-3,2,-2,-5,-2,-4,-2,-1,-2,0,-2,1,-1,0,0,0,1,-5,1,-4,1,-1,1,0,1,1,2,-5,2,-2,2,2,3,-4,3,-2,3,2,4,-5,4,-4,4,-2,4,2,4,4,4,5,5,-1,5,0,5,1,5,4,6,4,7,1,7,2,7,3,8,1,54,18,11
Oscilator: GliderBlockCycle,-4,-2,-3,-3,-2,-3,-2,-2,-2,-1,-1,2,-1,3,0,2,0,3,1,-3,1,-2,1,-1,2,-3,3,-2,14,8,7
Oscilator: Gourmet,-10,0,-10,1,-9,0,-8,-8,-8,-6,-8,-5,-8,-3,-8,-2,-8,0,-8,6,-8,7,-7,-8,-7,-7,-7,-5,-7,-3,-7,-1,-7,6,-6,-2,-6,7,-5,6,-5,7,-3,6,-3,7,-2,-10,-2,5,-2,7,-1,-10,-1,-9,-1,-8,-1,0,-1,6,0,-7,0,0,0,1,0,7,0,8,0,9,1,-8,1,-6,1,2,1,9,2,-8,2,-7,2,0,2,1,3,0,4,-8,4,-7,5,-8,5,1,6,-7,6,0,6,2,6,4,6,6,6,7,7,-8,7,-7,7,-1,7,1,7,2,7,4,7,5,7,7,8,-1,9,-2,9,-1,67,20,20
Oscilator: GrayCounter,-4,0,-3,-1,-3,1,-2,-2,-2,0,-2,2,-1,-5,-1,-2,-1,2,-1,5,0,-6,0,-4,0,-2,0,2,0,4,0,6,1,-5,1,-2,1,2,1,5,2,-2,2,0,2,2,3,-1,3,1,4,0,26,9,13
Oscilator: HeavyweightEmulator,-8,-2,-8,-1,-7,-3,-7,-1,-6,-3,-6,-1,-6,1,-6,2,-5,-2,-5,0,-5,2,-4,0,-3,-1,-3,2,-2,-1,-1,-1,-1,3,0,-1,0,3,1,-1,2,-1,2,2,3,0,4,-2,4,0,4,2,5,-3,5,-1,5,1,5,2,6,-3,6,-1,7,-2,7,-1,34,16,7
Oscilator: Hertz,-5,-2,-5,-1,-4,-2,-4,-1,-2,-2,-2,-1,-2,0,-2,1,-2,4,-2,5,-1,-6,-1,-5,-1,-3,-1,2,-1,5,0,-5,0,-3,0,1,0,2,0,4,1,-6,1,-3,1,2,1,4,1,5,2,-6,2,-5,2,-2,2,-1,2,0,2,1,4,0,4,1,5,0,5,1,35,11,12
Oscilator: Hustler,-5,0,-5,1,-4,0,-3,1,-2,-2,-2,-1,-2,0,-2,2,-1,-6,-1,-5,-1,-3,-1,2,0,-6,0,-5,0,-3,0,2,0,4,0,5,1,-3,1,2,1,4,1,5,2,-3,2,-1,2,0,2,1,3,-2,4,-1,5,-2,5,-1,30,11,12
Oscilator: 2Hustlers,-8,1,-8,2,-7,1,-6,2,-5,1,-5,2,-4,-2,-4,-1,-4,5,-4,6,-3,-3,-3,0,-3,1,-3,2,-3,5,-2,-3,-2,3,-2,5,-1,-2,-1,2,-1,4,0,-4,0,-2,0,2,1,-5,1,-3,1,3,2,-5,2,-2,2,-1,2,0,2,3,3,-6,3,-5,3,1,3,2,4,-2,4,-1,5,-2,6,-1,7,-2,7,-1,42,16,13
Oscilator: Interchange,-7,-1,-7,0,-7,1,-5,-3,-5,3,-4,-3,-4,3,-3,-3,-3,3,2,-3,2,3,3,-3,3,3,4,-3,4,3,6,-1,6,0,6,1,18,14,7
Oscilator: Jack,-6,-2,-6,-1,-6,1,-6,2,-5,-1,-5,1,-4,-1,-4,1,-3,-4,-3,-3,-3,-2,-3,2,-3,3,-3,4,-2,-3,-2,-2,-2,2,-2,3,-1,-1,-1,0,-1,1,1,-1,1,0,1,1,2,-3,2,-2,2,2,2,3,3,-4,3,-3,3,-2,3,2,3,3,3,4,4,-1,4,1,5,-1,5,1,6,-2,6,-1,6,1,6,2,42,13,9
Oscilator: Jam,-3,-2,-3,-1,-2,-2,-2,-1,-1,-1,0,-3,0,-2,0,-1,0,1,1,-2,1,0,1,2,2,-1,2,2,3,0,3,1,16,7,6
Oscilator: Keys,-6,0,-5,-1,-5,1,-4,0,-3,0,-2,-2,-2,-1,-2,0,1,-2,1,-1,1,0,2,0,3,0,4,-1,4,1,5,0,16,12,4
Oscilator: KoksGalaxy,-4,-4,-4,-3,-4,-1,-4,0,-4,1,-4,2,-4,3,-4,4,-3,-4,-3,-3,-3,-1,-3,0,-3,1,-3,2,-3,3,-3,4,-2,-4,-2,-3,-1,-4,-1,-3,-1,3,-1,4,0,-4,0,-3,0,3,0,4,1,-4,1,-3,1,3,1,4,2,3,2,4,3,-4,3,-3,3,-2,3,-1,3,0,3,1,3,3,3,4,4,-4,4,-3,4,-2,4,-1,4,0,4,1,4,3,4,4,48,9,9
Oscilator: LightBulb,-3,-4,-3,-3,-2,-4,-2,-1,-2,0,-2,3,-2,4,-1,-3,-1,-2,-1,1,-1,4,0,1,0,3,1,-3,1,-2,1,1,1,3,1,4,2,-4,2,-1,2,0,3,-4,3,-3,23,7,9
Oscilator: LightweightEmulator,-7,-2,-7,-1,-6,-3,-6,-1,-5,-3,-5,-1,-5,1,-5,2,-4,-2,-4,0,-4,2,-3,0,-2,-1,-2,2,-1,-1,0,-1,1,-1,1,2,2,0,3,-2,3,0,3,2,4,-3,4,-1,4,1,4,2,5,-3,5,-1,6,-2,6,-1,30,14,6
Oscilator: LongBugAP2,-15,8,-14,6,-14,8,-13,5,-13,10,-12,5,-12,6,-12,7,-12,8,-12,9,-11,10,-10,7,-10,8,-9,7,-9,9,-7,7,-6,6,-5,6,-4,4,-3,3,-2,3,-1,1,0,-1,0,0,2,-2,3,-4,3,-3,5,-5,6,-7,6,-6,8,-8,9,-7,10,-9,10,-8,10,-7,12,-10,12,-9,12,-8,12,-7,12,-6,12,-5,13,-5,14,-9,14,-7,15,-7,45,31,21
Oscilator: MalteseCross,-7,-2,-7,2,-6,-2,-6,2,-5,-2,-5,2,-4,-3,-4,-2,-4,2,-4,3,-3,-4,-3,-2,-3,2,-3,4,-2,-7,-2,-6,-2,-5,-2,-4,-2,-3,-2,3,-2,4,-2,5,-2,6,-2,7,2,-7,2,-6,2,-5,2,-4,2,-3,2,3,2,4,2,5,2,6,2,7,3,-4,3,-2,3,2,3,4,4,-3,4,-2,4,2,4,3,5,-2,5,2,6,-2,6,2,7,-2,7,2,48,15,15
Oscilator: Mazing,-3,1,-2,0,-2,2,0,-2,0,2,0,3,1,-3,1,3,2,-2,2,0,3,0,3,1,12,7,7
Oscilator: MiddleweightEmulator,-7,-2,-7,-1,-6,-3,-6,-1,-5,-3,-5,-1,-5,1,-5,2,-4,-2,-4,0,-4,2,-3,0,-2,-1,-2,2,-1,-1,0,-1,0,3,1,-1,2,-1,2,2,3,0,4,-2,4,0,4,2,5,-3,5,-1,5,1,5,2,6,-3,6,-1,7,-2,7,-1,32,15,7
Oscilator: MiddleweightVolcano,-6,-2,-6,-1,-6,2,-5,-2,-5,1,-5,3,-4,-1,-4,1,-4,3,-3,-2,-3,-1,-3,1,-3,3,-3,4,-2,-3,-2,1,-2,4,-1,-4,-1,-2,-1,-1,-1,2,-1,3,-1,4,0,-4,0,1,0,2,0,3,0,4,1,-3,1,-2,1,-1,1,2,1,3,1,4,2,1,2,4,3,-5,3,-4,3,-3,3,-2,3,-1,3,1,3,3,3,4,4,-5,4,-2,4,1,4,3,5,0,5,3,6,1,6,2,52,13,10
Oscilator: Mold,-3,0,-3,1,-2,-1,-2,2,-1,-2,-1,0,-1,2,0,-2,0,1,1,-3,2,-2,2,0,12,6,6
Oscilator: Monogram,-2,-3,-2,-2,-2,-1,-2,1,-2,2,-2,3,-1,0,0,-3,0,-2,0,2,0,3,1,0,2,-3,2,-2,2,-1,2,1,2,2,2,3,18,5,7
Oscilator: MutteringMoat,-5,0,-4,-2,-4,0,-4,2,-3,-4,-3,-2,-3,0,-3,2,-3,4,-2,-3,-2,-2,-2,0,-2,2,-2,3,-1,-5,-1,0,-1,5,0,-4,0,-3,0,-2,0,-1,0,1,0,2,0,3,0,4,1,-5,1,0,1,5,2,-3,2,-2,2,0,2,2,2,3,3,-4,3,-2,3,0,3,2,3,4,4,-2,4,0,4,2,5,0,42,11,11
Oscilator: Negentropy,-6,-2,-6,-1,-6,1,-5,-2,-5,0,-5,1,-3,-1,-3,0,-3,1,-2,-5,-2,-4,-2,-2,-2,2,-1,-5,-1,-4,-1,-2,-1,2,0,-2,0,1,0,2,0,4,0,5,1,-2,1,0,1,2,1,4,1,5,2,-1,2,0,2,1,4,-1,4,0,4,2,5,-1,5,1,5,2,36,12,11
Oscilator: NestP90,-15,-9,-14,-10,-14,-8,-13,-9,-13,-3,-13,-2,-13,3,-13,4,-12,-4,-12,-2,-12,3,-11,-11,-11,-10,-11,-9,-11,-8,-11,-7,-11,-5,-11,-2,-11,0,-11,1,-11,3,-11,6,-11,7,-10,-12,-10,-7,-10,-5,-10,-3,-10,-1,-10,1,-10,3,-10,5,-10,7,-10,12,-9,-12,-9,-11,-9,-10,-9,-6,-9,-3,-9,3,-9,6,-9,10,-9,11,-9,12,-8,-9,-8,-3,-8,-2,-8,2,-8,3,-8,9,-7,-10,-7,-9,-7,9,-7,10,-1,-4,-1,4,0,-5,0,-3,0,3,0,5,1,-6,1,-5,1,-3,1,-2,1,2,1,3,1,5,1,6,2,-6,2,6,3,-6,3,-5,3,5,3,6,6,-10,6,-9,6,9,6,10,7,-9,7,-3,7,-2,7,2,7,3,7,9,8,-12,8,-11,8,-10,8,-6,8,-3,8,3,8,6,8,10,8,11,8,12,9,-12,9,-7,9,-5,9,-3,9,-1,9,1,9,3,9,5,9,7,9,12,10,-11,10,-10,10,-9,10,-8,10,-7,10,-5,10,-2,10,0,10,1,10,3,10,6,10,7,11,-4,11,-2,11,3,12,-9,12,-3,12,-2,12,3,12,4,13,-10,13,-8,14,-9,126,30,25
Oscilator: Octagon,-4,-1,-4,0,-3,-2,-3,1,-2,-3,-2,2,-1,-4,-1,3,0,-4,0,3,1,-3,1,2,2,-2,2,1,3,-1,3,0,16,8,8
Oscilator: Pentadecathlon,-8,0,-7,0,-5,0,-4,-1,-4,1,-2,-1,-2,0,-2,1,1,-1,1,0,1,1,3,-1,3,1,4,0,6,0,7,0,16,16,3
Oscilator: Phoenix,-4,0,-3,-2,-3,0,-2,2,-1,-4,-1,-3,0,2,0,3,1,-3,2,-1,2,1,3,-1,12,8,8
Oscilator: PiPortraitor,-12,-1,-12,0,-11,-6,-11,-5,-11,-3,-11,2,-11,4,-11,5,-10,-6,-10,5,-9,-5,-9,-4,-9,3,-9,4,-8,-8,-8,-7,-8,-6,-8,-3,-8,-2,-8,-1,-8,0,-8,1,-8,2,-8,5,-8,6,-8,7,-7,-8,-7,-5,-7,4,-7,7,-6,-11,-6,-10,-6,-8,-6,-6,-6,5,-6,7,-6,9,-6,10,-5,-11,-5,-9,-5,-7,-5,6,-5,8,-5,10,-4,-9,-4,8,-3,-11,-3,-8,-3,7,-3,10,-2,-8,-2,7,-1,-12,-1,-8,-1,7,-1,11,0,-12,0,-8,0,-1,0,0,0,1,0,7,0,11,1,-8,1,1,1,7,2,-11,2,-8,2,-1,2,0,2,1,2,7,2,10,3,-9,3,8,4,-11,4,-9,4,-7,4,6,4,8,4,10,5,-11,5,-10,5,-8,5,-6,5,5,5,7,5,9,5,10,6,-8,6,-5,6,4,6,7,7,-8,7,-7,7,-6,7,-3,7,-2,7,-1,7,0,7,1,7,2,7,5,7,6,7,7,8,-5,8,-4,8,3,8,4,9,-6,9,5,10,-6,10,-5,10,-3,10,2,10,4,10,5,11,-1,11,0,119,24,24
Oscilator: Pulsar,-6,-4,-6,-3,-6,-2,-6,2,-6,3,-6,4,-4,-6,-4,-1,-4,1,-4,6,-3,-6,-3,-1,-3,1,-3,6,-2,-6,-2,-1,-2,1,-2,6,-1,-4,-1,-3,-1,-2,-1,2,-1,3,-1,4,1,-4,1,-3,1,-2,1,2,1,3,1,4,2,-6,2,-1,2,1,2,6,3,-6,3,-1,3,1,3,6,4,-6,4,-1,4,1,4,6,6,-4,6,-3,6,-2,6,2,6,3,6,4,48,13,13
Oscilator: Pump,-3,0,-3,1,-3,2,-2,-3,-2,-2,-2,2,-1,-3,-1,-2,-1,-1,-1,0,-1,1,1,-3,1,-2,1,-1,1,0,1,1,2,-3,2,-2,2,2,3,0,3,1,3,2,22,7,6
Oscilator: Pyrotechnecium,-8,0,-7,-1,-7,1,-6,0,-4,-2,-4,-1,-4,0,-4,1,-4,2,-3,-3,-3,3,-2,-4,-2,-2,-2,0,-2,3,-1,-4,-1,-2,-1,1,-1,3,-1,4,0,-5,0,-4,0,-2,0,1,0,3,1,-4,1,-1,1,1,1,3,2,-4,2,2,3,-3,3,-2,3,-1,3,0,3,1,5,-1,6,-2,6,0,7,-1,40,16,10
Oscilator: Quad,-3,-3,-3,-2,-3,1,-3,2,-2,-3,-2,0,-2,2,-1,-2,0,1,1,-3,1,-1,1,2,2,-3,2,-2,2,1,2,2,16,6,6
Oscilator: QueenBeeShuttle,-11,0,-11,1,-10,0,-10,1,-6,0,-5,-1,-5,1,-4,-2,-4,2,-3,-1,-3,0,-3,1,-2,-3,-2,-2,-2,2,-2,3,9,0,9,1,10,0,10,1,20,22,7
Oscilator: QuiltSquare,-9,-5,-9,-4,-9,3,-9,4,-8,-6,-8,-3,-8,2,-8,5,-7,-6,-7,-4,-7,-2,-7,1,-7,3,-7,5,-6,-8,-6,-7,-6,-4,-6,-2,-6,-1,-6,0,-6,1,-6,3,-6,6,-6,7,-5,-9,-5,-3,-5,2,-5,8,-4,-9,-4,-7,-4,-6,-4,5,-4,6,-4,8,-3,-8,-3,-5,-3,4,-3,7,-2,-7,-2,-6,-2,5,-2,6,-1,-6,-1,5,0,-6,0,5,1,-7,1,-6,1,5,1,6,2,-8,2,-5,2,4,2,7,3,-9,3,-7,3,-6,3,5,3,6,3,8,4,-9,4,-3,4,2,4,8,5,-8,5,-7,5,-4,5,-2,5,-1,5,0,5,1,5,3,5,6,5,7,6,-6,6,-4,6,-2,6,1,6,3,6,5,7,-6,7,-3,7,2,7,5,8,-5,8,-4,8,3,8,4,88,18,18
Oscilator: RelayP60,-17,-2,-16,-2,-15,-3,-15,-1,-14,-2,-13,-2,-12,-2,-11,-2,-10,-3,-10,-1,-9,-2,-8,-2,-1,0,-1,2,0,1,0,2,1,1,8,2,9,2,10,1,10,3,11,2,12,2,13,2,14,2,15,1,15,3,16,2,17,2,29,35,7
Oscilator: Revolver,-4,-7,-4,6,-3,-7,-3,-6,-3,-5,-3,0,-3,4,-3,5,-3,6,-2,-4,-2,-2,-2,0,-2,3,-1,-5,-1,2,-1,4,0,-5,0,-3,0,4,1,-4,1,-1,1,1,1,3,2,-7,2,-6,2,-5,2,-1,2,4,2,5,2,6,3,-7,3,6,32,8,14
Oscilator: Roteightor,-7,-6,-6,-6,-6,-5,-6,-4,-6,5,-6,6,-5,-3,-5,5,-4,-4,-4,-3,-4,3,-4,5,-3,3,-3,4,-2,-2,-2,-1,-2,0,-1,-3,-1,0,0,0,1,-1,2,-5,3,-6,3,-4,3,-3,3,2,3,3,4,-6,4,2,5,-7,5,-6,5,3,5,4,5,5,6,5,35,14,14
Oscilator: ShuttleP54,-14,-8,-14,8,-13,-8,-13,-7,-13,-6,-13,6,-13,7,-13,8,-12,-5,-12,5,-11,-6,-11,-5,-11,5,-11,6,-6,-3,-6,-2,-6,2,-6,3,-5,-5,-5,-1,-5,1,-5,5,-4,-1,-4,1,-3,-6,-3,-1,-3,1,-3,6,-2,-5,-2,-4,-2,-2,-2,-1,-2,1,-2,2,-2,4,-2,5,-1,-2,-1,-1,-1,1,-1,2,4,-5,4,-4,4,-2,4,2,4,4,4,5,5,-4,5,-3,5,-2,5,2,5,3,5,4,6,-3,6,3,11,-6,11,-5,11,5,11,6,12,-5,12,5,13,-8,13,-7,13,-6,13,6,13,7,13,8,14,-8,14,8,68,29,17
Oscilator: Siesta,-8,-1,-7,-2,-7,0,-6,-2,-6,0,-5,-6,-5,-5,-5,-3,-5,-2,-5,0,-5,1,-5,3,-5,4,-4,-6,-4,-1,-4,4,-3,-5,-3,-4,-3,-3,-3,1,-3,2,-3,3,-2,-3,-2,-1,-2,1,1,-2,1,0,1,2,2,-4,2,-3,2,-2,2,2,2,3,2,4,3,-5,3,0,3,5,4,-5,4,-4,4,-2,4,-1,4,1,4,2,4,4,4,5,5,-1,5,1,6,-1,6,1,7,0,50,16,12
Oscilator: SkewedQuad,-3,-2,-3,-1,-2,-2,-2,2,-2,3,-1,-1,-1,1,-1,3,1,-3,1,-1,1,1,2,-3,2,-2,2,2,3,1,3,2,16,7,7
Oscilator: SlitheringP6,-4,-2,-4,3,-3,-3,-3,-2,-3,2,-3,5,-2,-9,-2,-4,-2,-3,-2,-2,-2,0,-2,2,-2,6,-2,8,-1,-10,-1,-6,-1,-3,-1,2,-1,7,-1,8,-1,9,0,-9,0,-8,0,-7,0,-2,0,3,0,6,0,10,1,-8,1,-6,1,-2,1,0,1,2,1,3,1,4,1,9,2,-5,2,-2,2,2,2,3,3,-3,3,2,42,8,21
Oscilator: Smiley,-3,-3,-3,1,-3,3,-2,-3,-2,0,-2,3,-1,-3,-1,0,0,0,0,2,0,3,1,-3,1,0,2,-3,2,0,2,3,3,-3,3,1,3,3,19,7,7
Oscilator: Snacker,-10,-5,-10,5,-9,-5,-9,-4,-9,-3,-9,3,-9,4,-9,5,-8,-2,-8,2,-7,-3,-7,-2,-7,2,-7,3,-5,0,-4,0,-3,-1,-3,1,-2,0,-1,0,0,0,1,0,2,-1,2,1,3,0,4,0,6,-3,6,-2,6,2,6,3,7,-2,7,2,8,-5,8,-4,8,-3,8,3,8,4,8,5,9,-5,9,5,40,20,11
Oscilator: SnakePitP2,-3,-3,-3,-1,-3,0,-3,2,-3,3,-2,-3,-2,-2,-2,0,-2,2,-1,0,-1,3,0,-3,0,-2,0,2,0,3,1,-3,1,0,2,-2,2,0,2,2,2,3,3,-3,3,-2,3,0,3,1,3,3,26,7,7
Oscilator: SnakePitP3,-5,0,-5,1,-4,-1,-4,2,-3,-1,-3,1,-3,2,-2,-4,-2,-3,-2,-1,-1,-5,-1,-3,-1,-1,-1,1,-1,2,-1,3,-1,4,0,-5,0,5,1,-4,1,-3,1,-2,1,-1,1,1,1,3,1,5,2,1,2,3,2,4,3,-2,3,-1,3,1,4,-2,4,1,5,-1,5,0,36,11,11
Oscilator: SnowflakeP16,-17,-8,-17,8,-16,-8,-16,-7,-16,7,-16,8,-15,-8,-15,-7,-15,7,-15,8,-14,-7,-14,7,-13,-4,-13,-3,-13,3,-13,4,-11,-6,-11,6,-10,-6,-10,6,-9,-5,-9,-4,-9,4,-9,5,-8,-17,-8,-16,-8,-15,-8,15,-8,16,-8,17,-7,-16,-7,-15,-7,-14,-7,-3,-7,-2,-7,2,-7,3,-7,14,-7,15,-7,16,-6,-11,-6,-10,-6,-4,-6,4,-6,10,-6,11,-5,-9,-5,9,-4,-13,-4,-9,-4,-6,-4,6,-4,9,-4,13,-3,-13,-3,-7,-3,7,-3,13,-2,-7,-2,7,2,-7,2,7,3,-13,3,-7,3,7,3,13,4,-13,4,-9,4,-6,4,6,4,9,4,13,5,-9,5,9,6,-11,6,-10,6,-4,6,4,6,10,6,11,7,-16,7,-15,7,-14,7,-3,7,-2,7,2,7,3,7,14,7,15,7,16,8,-17,8,-16,8,-15,8,15,8,16,8,17,9,-5,9,-4,9,4,9,5,10,-6,10,6,11,-6,11,6,13,-4,13,-3,13,3,13,4,14,-7,14,7,15,-8,15,-7,15,7,15,8,16,-8,16,-7,16,7,16,8,17,-8,17,8,120,35,35
Oscilator: Star,-5,0,-4,-1,-4,0,-4,1,-3,-3,-3,-2,-3,-1,-3,1,-3,2,-3,3,-2,-3,-2,3,-1,-4,-1,-3,-1,3,-1,4,0,-5,0,-4,0,4,0,5,1,-4,1,-3,1,3,1,4,2,-3,2,3,3,-3,3,-2,3,-1,3,1,3,2,3,3,4,-1,4,0,4,1,5,0,36,11,11
Oscilator: Toad,-2,-1,-1,-1,-1,0,0,-1,0,0,1,0,6,4,2
Oscilator: ToadSucker,-5,-8,-4,-8,-4,7,-3,-9,-3,-7,-3,7,-2,-8,-2,6,-2,8,-1,-8,-1,-1,-1,7,0,-8,0,-1,0,0,0,7,1,-8,1,-1,1,0,1,7,2,-9,2,-7,2,0,2,7,3,-8,3,6,3,8,4,-8,4,7,5,7,30,11,18
Oscilator: Toaster,-6,-5,-6,-4,-6,3,-5,-4,-5,-1,-5,0,-5,2,-5,4,-4,-4,-4,-2,-4,0,-4,2,-4,4,-3,-5,-3,-4,-3,-2,-3,2,-3,4,-3,5,-2,-5,-2,-2,-2,-1,-2,1,-2,2,-2,5,-1,-4,-1,4,0,-4,0,4,1,-5,1,-2,1,-1,1,1,1,2,1,5,2,-5,2,-4,2,-2,2,2,2,4,2,5,3,-4,3,-2,3,0,3,2,3,4,4,-4,4,-1,4,0,4,2,4,4,5,-5,5,-4,5,3,54,12,11
Oscilator: TrafficLight,-3,-1,-3,0,-3,1,-1,-3,-1,3,0,-3,0,3,1,-3,1,3,3,-1,3,0,3,1,12,7,7
Oscilator: TwinBeesShuttle,-14,-3,-14,3,-14,4,-13,-4,-13,-2,-13,3,-13,4,-12,-5,-12,-1,-11,-5,-11,-1,-10,-6,-10,-5,-10,-4,-10,-2,-10,-1,-10,0,-9,-5,-9,-1,-8,-5,-8,-4,-8,-2,-8,-1,-7,-4,-7,-2,-6,-3,-1,-2,-1,2,0,-2,0,2,3,-5,3,-4,3,-2,3,2,3,4,3,5,4,-4,4,-3,4,-2,4,2,4,3,4,4,5,-3,5,3,13,3,13,4,14,3,14,4,48,29,12
Oscilator: TwoEaters,-4,3,-3,1,-3,2,-3,3,-2,0,-1,0,-1,1,1,-2,1,-1,2,-1,3,-4,3,-3,3,-2,4,-4,14,9,8
Oscilator: Unix,-4,-2,-4,-1,-3,0,-3,2,-3,3,-2,-4,-2,-1,-2,2,-2,3,-1,-4,-1,-2,0,-3,2,-3,2,-2,3,-3,3,-2,16,8,8
Oscilator: VBugP2,-16,1,-16,2,-15,-2,-15,1,-14,-4,-14,-1,-14,1,-14,3,-14,4,-13,-4,-13,-1,-13,1,-12,-3,-12,1,-12,3,-11,1,-9,-1,-9,0,-7,-1,-5,-3,-5,-2,-3,-3,-1,-5,-1,-4,1,-4,3,-3,3,-2,5,-2,7,-1,7,0,9,0,10,2,11,1,12,-4,12,-3,12,-2,12,1,12,3,12,4,13,-3,13,-2,13,-1,13,1,14,1,14,3,15,1,15,2,47,32,10
Oscilator: WhirlyP52,-13,3,-13,4,-12,2,-12,5,-11,2,-11,4,-11,7,-10,3,-9,4,-9,5,-9,7,-8,6,-7,-10,-7,-9,-7,-8,-6,-12,-6,-10,-6,-9,-6,-8,-5,-13,-5,-11,-5,-9,-5,-5,-5,-4,-5,0,-5,1,-5,3,-5,4,-4,-13,-4,-10,-4,-5,-4,-4,-4,0,-4,1,-4,3,-4,4,-3,-12,-3,-11,-3,8,-3,9,-2,-5,-2,-4,-2,8,-2,9,-2,10,-1,-5,-1,-4,-1,3,-1,4,-1,8,-1,9,-1,11,0,2,0,10,0,12,1,3,1,4,1,9,1,12,2,10,2,11,3,-5,3,-4,3,-2,3,-1,3,3,3,4,4,-5,4,-4,4,-2,4,-1,4,3,4,4,7,-7,7,-5,8,-8,9,-7,9,-4,10,-7,10,-5,10,-3,11,-6,11,-3,12,-5,12,-4,85,26,26
Puffer: NoahsArk,-7,-5,-7,-3,-6,-2,-5,-6,-5,-3,-4,-7,-4,-6,-4,-5,2,6,3,5,3,7,5,4,5,7,6,4,6,5,7,4,16,15,15
Puffer: Puffer,-2,-8,-2,1,-2,6,-1,-9,-1,-3,-1,0,-1,5,0,-9,0,-2,0,-1,0,0,0,5,1,-9,1,-6,1,5,1,8,2,-9,2,-8,2,-7,2,5,2,6,2,7,22,5,18
Puffer: PufferP128,-3,-12,-3,-11,-3,-10,-3,-3,-3,3,-3,10,-3,11,-3,12,-2,-12,-2,-9,-2,-4,-2,-3,-2,-2,-2,2,-2,3,-2,4,-2,9,-2,12,-1,-12,-1,-5,-1,-2,-1,-1,-1,1,-1,2,-1,5,-1,12,0,-12,0,12,1,-12,1,12,2,-12,2,12,3,-11,3,11,34,7,25
Puffer: PulsarTrain,-12,-8,-12,-6,-12,6,-12,8,-11,-9,-11,9,-10,-9,-10,-5,-10,5,-10,9,-9,-9,-9,9,-8,-9,-8,-6,-8,6,-8,9,-7,-9,-7,-8,-7,-7,-7,7,-7,8,-7,9,-2,-9,-2,-8,-2,8,-2,9,-1,-10,-1,-9,-1,-8,-1,8,-1,9,-1,10,0,-10,0,-9,0,-8,0,8,0,9,0,10,1,-10,1,-9,1,-8,1,8,1,9,1,10,2,-10,2,-9,2,-7,2,7,2,9,2,10,3,-9,3,-8,3,-7,3,7,3,8,3,9,4,-8,4,-1,4,0,4,1,4,8,5,-1,5,0,5,1,6,0,8,-3,8,-1,8,1,8,3,9,-4,9,4,10,-4,10,4,11,-4,11,-1,11,1,11,4,12,-4,12,-3,12,-2,12,2,12,3,12,4,83,25,21
Rake: rake2,-11,-9,-10,-10,-9,-10,-8,-10,-8,-7,-7,-10,-7,-9,-7,-8,-1,7,-1,8,0,7,0,8,0,9,1,6,1,8,1,9,2,6,2,7,2,8,3,7,7,-7,7,2,7,7,8,-8,8,-2,8,1,8,6,9,-8,9,-1,9,0,9,1,9,6,10,-8,10,-5,10,6,10,9,11,-8,11,-7,11,-6,11,6,11,7,11,8,42,23,20
SpaceShip: BigHollowFish,-19,-3,-19,-2,-19,-1,-19,1,-19,2,-19,3,-18,-4,-18,-1,-18,1,-18,4,-17,-5,-17,-1,-17,1,-17,5,-16,-5,-16,5,-15,-3,-15,3,-14,-6,-14,-4,-14,4,-14,6,-13,-7,-13,-6,-13,-4,-13,-2,-13,-1,-13,1,-13,2,-13,4,-13,6,-13,7,-12,-8,-12,-6,-12,-4,-12,-2,-12,-1,-12,1,-12,2,-12,4,-12,6,-12,8,-11,-9,-11,-8,-11,-6,-11,-3,-11,-2,-11,-1,-11,1,-11,2,-11,3,-11,6,-11,8,-11,9,-10,-10,-10,-6,-10,-4,-10,-3,-10,3,-10,4,-10,6,-10,10,-9,-10,-9,-8,-9,-6,-9,6,-9,8,-9,10,-8,-11,-8,-10,-8,-6,-8,6,-8,10,-8,11,-7,-10,-7,-9,-7,-7,-7,7,-7,9,-7,10,-6,-10,-6,10,-5,-10,-5,-9,-5,-8,-5,8,-5,9,-5,10,-4,-12,-4,-10,-4,-8,-4,-7,-4,7,-4,8,-4,10,-4,12,-3,-13,-3,-12,-3,-10,-3,-6,-3,6,-3,10,-3,12,-3,13,-2,-14,-2,-10,-2,-8,-2,-6,-2,6,-2,8,-2,10,-2,14,-1,-10,-1,-6,-1,-5,-1,5,-1,6,-1,10,0,-14,0,-13,0,-9,0,-7,0,-6,0,6,0,7,0,9,0,13,0,14,1,-6,1,6,2,-8,2,-7,2,-6,2,6,2,7,2,8,3,-9,3,-8,3,-6,3,-4,3,4,3,6,3,8,3,9,4,-10,4,-4,4,-3,4,3,4,4,4,10,5,-4,5,-2,5,2,5,4,6,-10,6,-9,6,-2,6,-1,6,1,6,2,6,9,6,10,7,-3,7,3,8,-1,8,1,9,-2,9,2,10,-3,10,-1,10,1,10,3,11,-8,11,-7,11,-6,11,-3,11,-1,11,1,11,3,11,6,11,7,11,8,12,-9,12,-5,12,5,12,9,13,-10,13,-9,13,9,13,10,14,-11,14,-9,14,-7,14,-6,14,6,14,7,14,9,14,11,15,-12,15,-11,15,-9,15,9,15,11,15,12,16,-13,16,-8,16,8,16,13,18,-13,18,-12,18,12,18,13,212,38,29
SpaceShip: BigMouthFishLegs,-21,-10,-21,-9,-21,-8,-21,8,-21,9,-21,10,-20,-11,-20,-10,-20,-8,-20,8,-20,10,-20,11,-19,-11,-19,-10,-19,-9,-19,-6,-19,-5,-19,5,-19,6,-19,9,-19,10,-19,11,-18,-6,-18,-5,-18,-3,-18,-2,-18,2,-18,3,-18,5,-18,6,-17,-10,-17,-8,-17,-5,-17,-3,-17,-2,-17,2,-17,3,-17,5,-17,8,-17,10,-16,-10,-16,-7,-16,-4,-16,-1,-16,1,-16,4,-16,7,-16,10,-15,-10,-15,-7,-15,-5,-15,-1,-15,1,-15,5,-15,7,-15,10,-14,-10,-14,-9,-14,-8,-14,-7,-14,-5,-14,-3,-14,-1,-14,1,-14,3,-14,5,-14,7,-14,8,-14,9,-14,10,-13,-9,-13,-8,-13,-6,-13,-5,-13,-4,-13,-3,-13,-2,-13,2,-13,3,-13,4,-13,5,-13,6,-13,8,-13,9,-12,-3,-12,3,-11,-4,-11,-3,-11,3,-11,4,-10,-2,-10,-1,-10,1,-10,2,-9,-6,-9,-5,-9,-4,-9,-1,-9,1,-9,4,-9,5,-9,6,-8,-7,-8,-6,-8,-4,-8,-3,-8,-1,-8,1,-8,3,-8,4,-8,6,-8,7,-7,-8,-7,-2,-7,-1,-7,1,-7,2,-7,8,-6,-7,-6,-6,-6,-5,-6,-1,-6,1,-6,5,-6,6,-6,7,-5,-8,-5,-7,-5,-6,-5,6,-5,7,-5,8,-4,-8,-4,-1,-4,1,-4,8,-3,-8,-3,0,-3,8,-2,-8,-2,-7,-2,-6,-2,6,-2,7,-2,8,-1,-4,-1,4,0,-4,0,-3,0,-2,0,2,0,3,0,4,1,-2,1,2,2,-8,2,-7,2,-6,2,-5,2,-4,2,-2,2,2,2,4,2,5,2,6,2,7,2,8,3,-5,3,-3,3,-2,3,2,3,3,3,5,4,-7,4,-5,4,-4,4,-3,4,-2,4,2,4,3,4,4,4,5,4,7,5,-8,5,-3,5,3,5,8,6,-8,6,-2,6,-1,6,1,6,2,6,8,7,-6,7,-1,7,1,7,6,8,-8,8,-4,8,-3,8,3,8,4,8,8,9,-6,9,-5,9,5,9,6,10,-8,10,-6,10,6,10,8,11,-9,11,-8,11,-7,11,-6,11,-4,11,-3,11,3,11,4,11,6,11,7,11,8,11,9,12,-10,12,-9,12,-8,12,8,12,9,12,10,14,-8,14,8,16,-8,16,-7,16,7,16,8,18,-9,18,-8,18,-7,18,7,18,8,18,9,19,-7,19,7,20,-8,20,8,245,42,23
SpaceShip: BlinkerShip,-15,-3,-15,3,-14,-4,-14,-3,-14,-2,-14,2,-14,3,-14,4,-13,-5,-13,-4,-13,-2,-13,2,-13,4,-13,5,-12,-5,-12,-4,-12,-3,-12,3,-12,4,-12,5,-11,-4,-11,-3,-11,3,-11,4,-9,0,-8,-1,-8,0,-8,1,-7,-2,-7,2,-6,-2,-6,2,-5,-7,-5,-6,-5,-5,-5,5,-5,6,-5,7,-4,-8,-4,-5,-4,-2,-4,2,-4,5,-4,8,-3,-5,-3,-2,-3,2,-3,5,-2,-5,-2,-2,-2,-1,-2,1,-2,2,-2,5,-1,-8,-1,-6,-1,-1,-1,1,-1,6,-1,8,0,0,7,-1,7,0,7,1,12,-1,12,0,12,1,13,-1,13,1,14,-1,14,0,14,1,72,30,17
SpaceShip: Brain,-5,-7,-5,-6,-5,6,-5,7,-4,-7,-4,-6,-4,-4,-4,-3,-4,3,-4,4,-4,6,-4,7,-3,-8,-3,-4,-3,-3,-3,3,-3,4,-3,8,-2,-8,-2,-6,-2,-2,-2,-1,-2,1,-2,2,-2,6,-2,8,-1,-4,-1,-1,-1,1,-1,4,0,-3,0,-1,0,1,0,3,1,-6,1,-5,1,-3,1,-1,1,1,1,3,1,5,1,6,2,-6,2,-3,2,-1,2,1,2,3,2,6,3,-1,3,1,4,-8,4,-7,4,-6,4,-4,4,4,4,6,4,7,4,8,5,-2,5,-1,5,1,5,2,62,11,17
SpaceShip: Bumblebee,-5,0,-4,-1,-4,1,-3,-2,-3,2,-2,-1,-2,0,-2,1,0,-3,0,-2,0,2,0,3,1,-5,1,-1,1,1,1,5,2,-6,2,-5,2,-1,2,1,2,5,2,6,3,-7,3,-1,3,1,3,7,4,-6,4,-4,4,-3,4,-1,4,1,4,3,4,4,4,6,34,10,15
SpaceShip: CoeShip,-4,2,-4,3,-3,0,-3,1,-3,3,-3,4,-2,0,-2,1,-2,2,-2,3,-1,1,-1,2,0,1,1,-1,1,3,2,-5,2,-4,2,-2,2,4,3,-3,3,-2,3,4,4,-1,4,0,4,1,4,2,4,3,4,4,28,9,10
SpaceShip: DiagBunnyA,-13,-8,-13,-7,-12,-8,-12,-6,-11,-8,-10,-7,-10,-5,-9,-7,-9,-6,-9,-5,-8,-13,-8,-12,-8,-5,-7,-13,-7,-10,-7,-6,-7,-5,-7,-2,-7,0,-6,-13,-6,-9,-6,-8,-6,-7,-6,-6,-6,-5,-6,-4,-6,-3,-6,-2,-6,1,-5,-11,-5,-8,-5,-4,-5,-3,-5,-2,-5,1,-4,-10,-4,-9,-4,-8,-4,1,-4,3,-4,4,-3,-10,-3,-9,-3,-8,-3,1,-3,2,-3,4,-3,5,-2,-8,-2,1,-2,2,-2,3,-2,4,-2,5,-1,-6,-1,2,0,-7,0,7,1,-7,1,-3,1,0,1,2,1,5,1,6,2,-6,2,-3,2,-2,2,-1,2,0,2,2,2,8,3,-4,3,-1,3,0,3,9,3,10,3,11,4,10,4,12,5,-5,5,-4,5,9,5,11,5,12,6,-3,6,-1,6,0,6,9,6,10,6,11,7,0,7,1,7,10,7,11,8,0,8,1,9,2,9,6,10,2,10,3,10,4,10,6,11,7,12,2,12,3,13,4,106,27,26
SpaceShip: DingleBerries,-15,-9,-15,8,-14,-10,-14,-9,-14,-8,-14,7,-14,8,-14,9,-13,-11,-13,-10,-13,-8,-13,6,-13,7,-13,9,-12,-11,-12,-10,-12,-9,-12,-4,-12,3,-12,6,-12,7,-12,8,-11,-10,-11,-9,-11,-5,-11,-4,-11,-3,-11,2,-11,3,-11,4,-11,6,-11,7,-11,8,-10,-6,-10,-5,-10,-3,-10,1,-10,2,-10,4,-10,6,-9,-9,-9,-7,-9,-5,-9,-4,-9,1,-9,2,-9,3,-9,6,-9,7,-9,9,-8,-9,-8,-5,-8,-4,-8,1,-8,2,-8,3,-8,7,-7,-9,-7,-5,-7,-4,-7,2,-7,3,-7,8,-6,-6,-6,-1,-6,0,-6,2,-6,3,-5,-7,-5,-4,-5,-1,-5,0,-5,2,-5,3,-5,5,-5,6,-4,-8,-4,-4,-4,-1,-4,1,-4,6,-4,7,-3,-8,-3,-4,-3,1,-3,2,-2,-7,-2,-4,-2,-3,-2,-2,-2,-1,-2,0,-2,6,-2,7,-1,-1,-1,1,-1,4,0,0,0,2,0,3,1,-10,1,-9,1,-8,1,-4,1,7,1,8,1,9,2,-10,2,-7,2,-2,2,0,2,7,2,10,3,-10,3,0,3,7,4,-10,4,-1,4,7,5,-9,5,-7,5,-1,5,8,5,10,6,-5,6,-4,6,-3,6,1,6,2,6,3,6,4,7,-5,7,-3,7,-1,7,2,7,4,7,5,8,-4,8,-3,8,-1,8,2,8,4,8,5,9,-9,9,-8,9,-7,9,3,9,6,9,7,9,8,10,-10,10,-7,10,5,10,8,11,-7,11,8,12,-11,12,-7,12,4,12,8,13,-11,13,-7,13,4,13,8,14,-7,14,8,15,-10,15,-8,15,5,15,7,170,31,22
SpaceShip: Dragon,-9,-2,-8,-2,-8,-1,-8,14,-7,-4,-7,-2,-7,-1,-7,5,-7,7,-7,12,-7,13,-6,-9,-6,-5,-6,-1,-6,0,-6,1,-6,4,-6,9,-5,-14,-5,-13,-5,-9,-5,-6,-5,1,-5,3,-5,9,-5,10,-5,11,-5,14,-4,-14,-4,-13,-4,-9,-4,-7,-4,-6,-4,1,-4,5,-4,7,-4,9,-3,-14,-3,-13,-3,-9,-3,2,-3,4,-3,12,-3,13,-2,-9,-2,-8,-2,7,-2,14,-1,-7,-1,6,-1,8,0,-7,0,6,0,8,1,-9,1,-8,1,7,1,14,2,-14,2,-13,2,-9,2,2,2,4,2,12,2,13,3,-14,3,-13,3,-9,3,-7,3,-6,3,1,3,5,3,7,3,9,4,-14,4,-13,4,-9,4,-6,4,1,4,3,4,9,4,10,4,11,4,14,5,-9,5,-5,5,-1,5,0,5,1,5,4,5,9,6,-4,6,-2,6,-1,6,5,6,7,6,12,6,13,7,-2,7,-1,7,14,8,-2,102,18,29
SpaceShip: Ecologist,-9,-8,-9,-7,-9,-6,-9,6,-9,7,-9,8,-8,-9,-8,-6,-8,5,-8,8,-7,-6,-7,-1,-7,0,-7,1,-7,8,-6,-6,-6,-1,-6,2,-6,8,-5,-9,-5,-7,-5,-2,-5,2,-5,5,-5,7,-4,-3,-4,-1,-4,2,-4,3,-3,1,-2,-3,-2,-1,-2,0,-1,-2,-1,-1,-1,0,-1,7,0,-2,0,-1,0,0,0,6,0,7,0,8,1,-1,1,0,1,5,1,6,1,8,2,-2,2,0,2,5,2,6,2,7,3,-2,3,1,3,6,3,7,4,-2,5,2,6,-1,6,2,6,3,7,-1,7,2,7,3,8,0,8,1,8,2,9,0,9,1,9,2,71,19,18
SpaceShip: FatFish,-18,-7,-18,-6,-18,-5,-18,-4,-18,-3,-18,-1,-18,0,-18,1,-18,3,-18,4,-18,5,-18,6,-18,7,-17,-8,-17,-7,-17,-6,-17,-3,-17,-1,-17,1,-17,3,-17,6,-17,7,-17,8,-16,-9,-16,-4,-16,-3,-16,-1,-16,1,-16,3,-16,4,-16,9,-15,-5,-15,-2,-15,-1,-15,1,-15,2,-15,5,-14,-10,-14,-3,-14,-1,-14,1,-14,3,-14,10,-13,-10,-13,-9,-13,-4,-13,-2,-13,2,-13,4,-13,9,-13,10,-12,-10,-12,-9,-12,-7,-12,-6,-12,6,-12,7,-12,9,-12,10,-11,-6,-11,-3,-11,3,-11,6,-10,-12,-10,-11,-10,-6,-10,-4,-10,4,-10,6,-10,11,-10,12,-9,-10,-9,-5,-9,5,-9,10,-7,-11,-7,-10,-7,10,-7,11,-6,-14,-6,-13,-6,13,-6,14,-5,-14,-5,-13,-5,-10,-5,-9,-5,9,-5,10,-5,13,-5,14,-4,-15,-4,-10,-4,-9,-4,-8,-4,-7,-4,-6,-4,6,-4,7,-4,8,-4,9,-4,10,-4,15,-3,-9,-3,-7,-3,-5,-3,-4,-3,4,-3,5,-3,7,-3,9,-2,-8,-2,-7,-2,0,-2,7,-2,8,-1,-6,-1,-1,-1,0,-1,1,-1,6,0,-6,0,-4,0,4,0,6,1,-5,1,-4,1,-1,1,1,1,4,1,5,2,-3,2,3,3,-6,3,6,4,-9,4,-8,4,-6,4,-5,4,-4,4,-3,4,3,4,4,4,5,4,6,4,8,4,9,5,-9,5,-8,5,-6,5,-4,5,-2,5,2,5,4,5,6,5,8,5,9,6,-9,6,-7,6,-4,6,-2,6,-1,6,1,6,2,6,4,6,7,6,9,7,-4,7,-2,7,-1,7,1,7,2,7,4,8,-5,8,-4,8,-3,8,3,8,4,8,5,9,-6,9,-2,9,2,9,6,10,-6,10,-4,10,-3,10,3,10,4,10,6,11,-7,11,-6,11,-3,11,-2,11,2,11,3,11,6,11,7,12,-8,12,-7,12,-4,12,4,12,7,12,8,13,-10,13,-9,13,-7,13,7,13,9,13,10,14,-11,14,-9,14,9,14,11,15,-14,15,-13,15,-11,15,-7,15,-6,15,6,15,7,15,11,15,13,15,14,16,-14,16,-13,16,-11,16,11,16,13,16,14,17,-14,17,-12,17,12,17,14,233,36,31
SpaceShip: FishA,-8,-7,-8,6,-7,-8,-7,-6,-7,5,-7,7,-6,-9,-6,-8,-6,-6,-6,-5,-6,4,-6,5,-6,7,-6,8,-5,-9,-5,-8,-5,7,-5,8,-4,-7,-4,6,-3,-7,-3,-6,-3,-5,-3,-4,-3,3,-3,4,-3,5,-3,6,-2,-7,-2,-4,-2,-3,-2,2,-2,3,-2,6,-1,-6,-1,-5,-1,-2,-1,1,-1,4,-1,5,0,-5,0,-4,0,-2,0,-1,0,0,0,1,0,3,0,4,1,-4,1,-2,1,1,1,3,2,-3,2,2,4,-4,4,3,5,-6,5,-5,5,-3,5,-2,5,1,5,2,5,4,5,5,6,-5,6,4,7,-5,7,-4,7,3,7,4,70,16,18
SpaceShip: Fly,-17,4,-16,2,-16,3,-16,4,-16,6,-16,7,-16,8,-15,1,-15,2,-15,9,-14,-4,-14,0,-14,3,-14,7,-14,8,-13,-5,-13,-4,-13,-3,-13,-2,-12,-6,-12,-2,-11,-5,-11,-3,-11,0,-10,-1,-8,-2,-8,-1,-7,-4,-7,-3,-7,-2,-7,-1,-7,0,-7,1,-6,-8,-6,-7,-6,-5,-6,2,-6,4,-6,5,-5,-8,-5,-7,-5,4,-5,5,-4,-8,-4,-6,-4,3,-4,5,-3,-6,-3,-5,-3,2,-3,3,-2,-7,-2,-6,-2,-4,-2,-3,-2,-2,-2,-1,-2,0,-2,1,-2,3,-2,4,-1,-6,-1,3,0,-7,0,4,1,-7,1,-5,1,-4,1,-3,1,-2,1,-1,1,0,1,1,1,2,1,4,2,-6,2,-5,2,-4,2,-3,2,-2,2,-1,2,0,2,1,2,2,2,3,3,-5,3,-3,3,-2,3,-1,3,0,3,2,4,-6,4,-2,4,-1,4,3,5,-8,5,-7,5,-4,5,-3,5,0,5,1,5,4,5,5,6,-4,6,1,7,-6,7,-3,7,0,7,3,8,-9,8,-7,8,-6,8,3,8,4,8,6,9,-10,9,-9,9,-7,9,-5,9,-4,9,1,9,2,9,4,9,6,9,7,10,-7,10,-5,10,-2,10,-1,10,2,10,4,11,-10,11,-9,11,-7,11,-5,11,2,11,4,11,6,11,7,12,-4,12,-3,12,0,12,1,13,-9,13,-6,13,-3,13,0,13,3,13,6,14,-6,14,3,15,-10,15,-8,15,5,15,7,16,-9,16,6,157,34,20
SpaceShip: Flotilla,-7,-2,-7,-1,-7,0,-6,-2,-6,1,-5,-7,-5,-2,-5,5,-4,-8,-4,-7,-4,-6,-4,-2,-4,4,-4,5,-4,6,-3,-8,-3,-6,-3,-5,-3,-2,-3,4,-3,6,-3,7,-2,-7,-2,-6,-2,-5,-2,-2,-2,5,-2,6,-2,7,-1,-7,-1,-6,-1,-5,-1,-2,-1,5,-1,6,-1,7,0,-7,0,-6,0,-5,0,-2,0,5,0,6,0,7,1,-7,1,-6,1,-2,1,5,1,6,2,-2,3,-2,4,-2,4,2,5,-2,5,2,6,-2,7,-1,7,1,57,15,16
SpaceShip: Glider,-1,0,0,-1,1,-1,1,0,1,1,5,3,3
SpaceShip: GoatFish,-14,-9,-14,9,-14,10,-13,-12,-13,-9,-13,-8,-13,-6,-13,-5,-13,11,-12,-12,-12,-10,-12,-4,-12,8,-12,11,-12,12,-11,-8,-11,-7,-11,-4,-11,-3,-11,8,-11,13,-10,-20,-10,-2,-10,10,-10,11,-10,12,-10,13,-10,14,-9,-19,-9,-18,-9,-16,-9,-14,-9,-8,-9,-6,-9,-5,-9,-3,-9,-2,-9,-1,-9,4,-9,9,-9,10,-9,16,-9,17,-8,-20,-8,-18,-8,-16,-8,-14,-8,-13,-8,-12,-8,-11,-8,-6,-8,0,-8,4,-8,5,-8,6,-8,9,-8,12,-8,13,-8,14,-8,18,-7,-15,-7,-12,-7,-11,-7,-7,-7,-6,-7,-1,-7,0,-7,1,-7,5,-7,6,-7,8,-7,9,-7,15,-7,19,-6,-17,-6,-16,-6,-15,-6,-9,-6,-5,-6,-4,-6,2,-6,5,-6,9,-6,13,-6,19,-5,-15,-5,-8,-5,-7,-5,-4,-5,1,-5,2,-5,3,-5,5,-5,6,-5,7,-5,13,-5,16,-5,19,-4,-17,-4,-15,-4,-6,-4,-4,-4,0,-4,6,-4,7,-4,10,-4,12,-4,13,-4,16,-4,18,-3,-10,-3,-9,-3,-8,-3,2,-3,3,-3,4,-3,10,-2,-16,-2,-15,-2,-14,-2,-11,-2,-8,-2,-5,-2,-4,-2,-3,-2,3,-2,4,-2,17,-2,18,-2,19,-1,-15,-1,-14,-1,-9,-1,-8,-1,-4,-1,-3,-1,2,-1,18,-1,19,0,-15,0,-14,0,-9,0,-8,0,-4,0,-3,0,2,0,18,0,19,1,-16,1,-15,1,-14,1,-11,1,-8,1,-5,1,-4,1,-3,1,3,1,4,1,17,1,18,1,19,2,-10,2,-9,2,-8,2,2,2,3,2,4,2,10,3,-17,3,-15,3,-6,3,-4,3,0,3,6,3,7,3,10,3,12,3,13,3,16,3,18,4,-15,4,-8,4,-7,4,-4,4,1,4,2,4,3,4,5,4,6,4,7,4,13,4,16,4,19,5,-17,5,-16,5,-15,5,-9,5,-5,5,-4,5,2,5,5,5,9,5,13,5,19,6,-15,6,-12,6,-11,6,-7,6,-6,6,-1,6,0,6,1,6,5,6,6,6,8,6,9,6,15,6,19,7,-20,7,-18,7,-16,7,-14,7,-13,7,-12,7,-11,7,-6,7,0,7,4,7,5,7,6,7,9,7,12,7,13,7,14,7,18,8,-19,8,-18,8,-16,8,-14,8,-8,8,-6,8,-5,8,-3,8,-2,8,-1,8,4,8,9,8,10,8,16,8,17,9,-20,9,-2,9,10,9,11,9,12,9,13,9,14,10,-8,10,-7,10,-4,10,-3,10,8,10,13,11,-12,11,-10,11,-4,11,8,11,11,11,12,12,-12,12,-9,12,-8,12,-6,12,-5,12,11,13,-9,13,9,13,10,278,28,40
SpaceShip: Heavyweight,-3,-1,-3,1,-2,2,-1,-2,-1,2,0,-2,0,2,1,2,2,-1,2,2,3,0,3,1,3,2,13,7,5
SpaceShip: HiveNudger,-6,-6,-6,-5,-6,-4,-6,4,-6,5,-6,6,-5,-6,-5,-3,-5,3,-5,6,-4,-6,-4,6,-3,-6,-3,6,-2,-5,-2,-3,-2,3,-2,5,-1,-1,-1,0,-1,1,0,-1,0,0,0,1,2,-5,2,-4,2,-3,2,3,2,4,2,5,3,-6,3,-3,3,3,3,6,4,-3,4,3,5,-3,5,3,6,-6,6,-4,6,4,6,6,42,13,13
SpaceShip: HWwSideCar,-4,2,-3,-4,-3,1,-3,2,-3,3,-2,-5,-2,-4,-2,-3,-2,1,-2,3,-2,4,-1,-5,-1,-3,-1,-2,-1,2,-1,3,-1,4,0,-4,0,-3,0,-2,0,2,0,3,1,-4,1,-3,1,-2,1,2,1,3,2,-4,2,-3,2,-2,2,1,2,2,3,-4,3,-3,34,8,10
SpaceShip: Lightweight,-2,-2,-2,0,-1,1,0,1,1,-2,1,1,2,-1,2,0,2,1,9,5,4
SpaceShip: Lobster,-6,-1,-6,1,-5,-2,-4,-2,-3,-2,-2,-2,-2,1,-1,-5,-1,-4,-1,-2,-1,4,-1,5,0,-6,0,-5,0,-4,0,-3,0,-2,0,3,1,-2,1,3,1,4,1,5,2,-6,2,-2,2,1,2,4,2,6,3,-7,3,-2,3,-1,3,0,3,3,4,-7,4,3,5,-7,5,-4,5,3,5,6,6,-7,6,-6,6,-5,6,3,6,4,6,5,44,13,14
SpaceShip: LongThinFish,-34,0,-33,-1,-33,0,-33,1,-31,-4,-31,-2,-31,2,-31,4,-30,-8,-30,-7,-30,-6,-30,-4,-30,-3,-30,-2,-30,-1,-30,1,-30,2,-30,3,-30,4,-30,6,-30,7,-30,8,-29,-9,-29,-1,-29,1,-29,9,-28,-8,-28,-7,-28,-3,-28,-2,-28,-1,-28,1,-28,2,-28,3,-28,7,-28,8,-27,-3,-27,-2,-27,2,-27,3,-26,-2,-26,-1,-26,1,-26,2,-25,-8,-25,-7,-25,-6,-25,-4,-25,4,-25,6,-25,7,-25,8,-24,-9,-24,-7,-24,-5,-24,-1,-24,1,-24,5,-24,7,-24,9,-23,-9,-23,-7,-23,-5,-23,-2,-23,2,-23,5,-23,7,-23,9,-22,-8,-22,-6,-22,-5,-22,-4,-22,4,-22,5,-22,6,-22,8,-20,-6,-20,6,-19,-7,-19,-6,-19,6,-19,7,-18,-7,-18,-6,-18,-5,-18,5,-18,6,-18,7,-17,-5,-17,-4,-17,-2,-17,-1,-17,1,-17,2,-17,4,-17,5,-16,-4,-16,-1,-16,1,-16,4,-15,-4,-15,-3,-15,-1,-15,1,-15,3,-15,4,-14,-2,-14,-1,-14,1,-14,2,-13,-6,-13,-5,-13,5,-13,6,-12,-5,-12,-2,-12,-1,-12,1,-12,2,-12,5,-11,-5,-11,-1,-11,1,-11,5,-10,-5,-10,-3,-10,3,-10,5,-8,-7,-8,-6,-8,-1,-8,0,-8,1,-8,6,-8,7,-7,0,-6,-7,-6,-3,-6,-2,-6,2,-6,3,-6,7,-5,-7,-5,-3,-5,-2,-5,2,-5,3,-5,7,-4,-8,-4,-6,-4,-2,-4,-1,-4,0,-4,1,-4,2,-4,6,-4,8,-3,-6,-3,0,-3,6,-2,0,-1,-1,-1,0,-1,1,1,-3,1,3,2,-3,2,-2,2,2,2,3,3,0,4,-1,4,1,6,0,7,-1,7,0,7,1,8,-2,8,0,8,2,9,-3,9,-2,9,-1,9,1,9,2,9,3,10,0,11,-3,11,-2,11,0,11,2,11,3,14,-1,14,0,14,1,15,0,16,-3,16,-2,16,2,16,3,17,-3,17,-2,17,2,17,3,18,-2,18,-1,18,0,18,1,18,2,19,0,20,0,21,-1,21,0,21,1,23,-3,23,3,24,-3,24,-2,24,2,24,3,25,0,26,-1,26,1,28,0,29,-2,29,-1,29,1,29,2,30,-3,30,-2,30,-1,30,1,30,2,30,3,31,-4,31,-3,31,3,31,4,32,-3,32,3,33,-4,33,-3,33,3,33,4,244,68,19
SpaceShip: LongThinFishB,-26,-5,-26,5,-25,-5,-25,5,-24,-4,-24,4,-22,-6,-22,-5,-22,5,-22,6,-21,-5,-21,5,-20,-6,-20,-5,-20,-3,-20,3,-20,5,-20,6,-19,-5,-19,5,-18,-5,-18,-4,-18,-3,-18,3,-18,4,-18,5,-17,-5,-17,-4,-17,4,-17,5,-16,-4,-16,-3,-16,-2,-16,2,-16,3,-16,4,-15,-4,-15,-3,-15,3,-15,4,-14,-1,-14,1,-13,-2,-13,-1,-13,1,-13,2,-12,-1,-12,1,-11,-2,-11,2,-10,-2,-10,-1,-10,1,-10,2,-9,-6,-9,6,-8,-6,-8,-4,-8,-2,-8,-1,-8,1,-8,2,-8,4,-8,6,-7,-5,-7,-4,-7,-3,-7,-2,-7,-1,-7,1,-7,2,-7,3,-7,4,-7,5,-6,-5,-6,-3,-6,-1,-6,1,-6,3,-6,5,-5,-1,-5,1,-4,-4,-4,-1,-4,1,-4,4,-3,-5,-3,-4,-3,-2,-3,-1,-3,1,-3,2,-3,4,-3,5,-2,-5,-2,-4,-2,-1,-2,1,-2,4,-2,5,-1,-4,-1,-3,-1,-1,-1,1,-1,3,-1,4,0,-1,0,1,1,-1,1,1,2,-2,2,-1,2,1,2,2,3,-3,3,-1,3,1,3,3,4,-3,4,-2,4,2,4,3,6,-2,6,2,7,-2,7,2,8,-2,8,-1,8,1,8,2,9,-2,9,-1,9,1,9,2,10,-1,10,1,12,-5,12,-4,12,-2,12,-1,12,1,12,2,12,4,12,5,13,-2,13,-1,13,1,13,2,14,-3,14,-1,14,1,14,3,15,-5,15,-3,15,0,15,3,15,5,16,-6,16,6,17,-5,17,-3,17,-1,17,0,17,1,17,3,17,5,18,-3,18,-2,18,2,18,3,19,-4,19,4,20,-4,20,4,21,-3,21,-1,21,1,21,3,22,-2,22,2,24,-3,24,-2,24,-1,24,1,24,2,24,3,25,-3,25,-2,25,-1,25,1,25,2,25,3,26,-2,26,2,194,53,13
SpaceShip: MantaRay,-12,-3,-12,-1,-11,0,-10,-4,-10,0,-9,-4,-9,0,-8,-7,-8,-5,-8,0,-8,5,-8,7,-7,-8,-7,0,-7,4,-6,-8,-6,0,-6,4,-6,8,-5,-8,-5,0,-5,4,-5,8,-4,-15,-4,-13,-4,-8,-4,0,-4,4,-4,9,-4,11,-3,-12,-3,-8,-3,0,-3,4,-3,12,-2,-16,-2,-12,-2,-8,-2,0,-2,4,-2,12,-1,-16,-1,-12,-1,-8,-1,0,-1,4,-1,12,0,-19,0,-17,0,-12,0,-8,0,0,0,4,0,12,0,17,0,19,1,-20,1,-12,1,-8,1,0,1,4,1,12,1,16,2,-20,2,-12,2,-8,2,0,2,4,2,12,2,16,2,20,3,-20,3,-12,3,-8,3,0,3,4,3,12,3,16,3,20,4,-20,4,-12,4,-8,4,0,4,4,4,12,4,16,5,-20,5,-17,5,-12,5,-8,5,0,5,4,5,12,5,16,5,19,6,-20,6,-19,6,-18,6,-12,6,-8,6,0,6,4,6,12,6,16,6,17,6,18,7,-15,7,-12,7,-8,7,0,7,4,7,9,7,12,8,-14,8,-13,8,-12,8,-8,8,0,8,4,8,10,8,11,8,12,9,-8,9,-5,9,0,9,4,9,7,10,-8,10,-7,10,-6,10,0,10,4,10,5,10,6,11,-3,11,0,12,-2,12,-1,12,0,139,25,41
SpaceShip: Middleweight,-3,-1,-3,1,-2,2,-1,-2,-1,2,0,2,1,-1,1,2,2,0,2,1,2,2,11,6,5
SpaceShip: Orion,-7,2,-7,3,-7,4,-6,4,-5,2,-4,2,-4,4,-4,5,-4,6,-4,7,-3,-5,-3,7,-2,-7,-2,-5,-2,-3,-2,1,-2,3,-2,6,-1,-7,-1,-4,-1,-3,-1,-2,-1,0,-1,1,0,-6,0,-5,0,0,0,1,1,-3,1,-2,1,0,3,0,3,2,4,2,5,0,5,1,5,2,6,-1,6,1,39,14,15
SpaceShip: Pi,-12,-2,-12,-1,-11,-2,-11,-1,-2,-1,-1,-1,-1,0,0,1,1,-1,1,0,2,-1,11,-2,11,-1,12,-2,12,-1,15,25,4
SpaceShip: Pushalong,-6,4,-5,3,-5,4,-5,5,-4,2,-4,5,-4,6,-3,1,-3,2,-3,3,-3,5,-3,6,-2,1,-2,2,-2,5,-2,6,-1,1,-1,2,0,-4,0,-3,0,-2,0,5,0,6,1,-5,1,-2,1,2,2,-2,3,-6,3,-2,4,-2,5,-5,5,-3,32,12,13
SpaceShip: SchickEngine,-4,-1,-4,0,-4,1,-3,-1,-3,0,-3,1,-2,0,0,-3,0,-1,0,1,0,3,1,-4,1,4,2,-4,2,4,3,-4,3,-1,3,1,3,4,4,-4,4,-3,4,-2,4,2,4,3,4,4,25,9,9
SpaceShip: Snail,-19,-8,-19,8,-18,-9,-18,-8,-18,8,-18,9,-17,-9,-17,-6,-17,6,-17,9,-16,-5,-16,5,-15,-6,-15,-3,-15,-2,-15,2,-15,3,-15,6,-14,-4,-14,-1,-14,1,-14,4,-13,-2,-13,2,-12,-3,-12,-2,-12,2,-12,3,-11,-2,-11,2,-10,-4,-10,-2,-10,2,-10,4,-9,-3,-9,3,-7,-2,-7,-1,-7,1,-7,2,-6,-4,-6,-3,-6,-1,-6,1,-6,3,-6,4,-5,-6,-5,-5,-5,-3,-5,-1,-5,1,-5,3,-5,5,-5,6,-4,-3,-4,-1,-4,1,-4,3,-3,-1,-3,1,-2,-5,-2,-4,-2,-1,-2,1,-2,4,-2,5,-1,-5,-1,-3,-1,-2,-1,-1,-1,1,-1,2,-1,3,-1,5,0,-5,0,-4,0,-3,0,-2,0,2,0,3,0,4,0,5,1,-4,1,4,2,-6,2,6,3,-8,3,-6,3,6,3,8,4,-8,4,-6,4,6,4,8,5,-7,5,-6,5,-5,5,-4,5,4,5,5,5,6,5,7,6,-5,6,-3,6,3,6,5,7,-3,7,3,8,-7,8,7,9,-7,9,7,10,-8,10,-5,10,-4,10,4,10,5,10,8,11,-5,11,-4,11,4,11,5,12,-5,12,-4,12,4,12,5,13,-6,13,-5,13,5,13,6,14,-6,14,-4,14,4,14,6,15,-4,15,4,16,-3,16,3,17,-4,17,4,18,-3,18,-2,18,2,18,3,144,38,19
SpaceShip: Sparky,-15,-3,-15,-2,-15,-1,-15,1,-15,2,-15,3,-13,-3,-13,-1,-13,1,-13,3,-12,-3,-12,-1,-12,1,-12,3,-11,-2,-11,2,-10,-3,-10,-2,-10,2,-10,3,-9,-4,-9,-3,-9,3,-9,4,-8,-4,-8,4,-7,-3,-7,-2,-7,-1,-7,0,-7,1,-7,2,-7,3,-6,-4,-6,-3,-6,-1,-6,0,-6,1,-6,3,-6,4,-5,-6,-5,-5,-5,-2,-5,-1,-5,1,-5,2,-5,5,-5,6,-4,-4,-4,-2,-4,0,-4,2,-4,4,-3,-4,-3,-3,-3,-1,-3,1,-3,3,-3,4,-2,-4,-2,4,-1,-3,-1,-2,-1,-1,-1,1,-1,2,-1,3,0,-2,0,-1,0,1,0,2,1,-2,1,-1,1,1,1,2,3,-3,3,3,4,-3,4,-2,4,2,4,3,6,-3,6,-2,6,2,6,3,7,-3,7,-2,7,2,7,3,8,-3,8,-1,8,1,8,3,9,-4,9,-3,9,-1,9,1,9,3,9,4,10,-4,10,-2,10,2,10,4,11,-5,11,-2,11,2,11,5,12,-5,12,-1,12,0,12,1,12,5,14,-4,14,4,15,-2,15,0,15,2,117,31,13
SpaceShip: Spider,-13,0,-13,1,-12,-3,-12,-2,-12,1,-11,-3,-11,-2,-11,1,-10,2,-9,-3,-9,-1,-9,0,-9,1,-9,2,-8,-4,-8,-3,-8,-1,-7,0,-7,1,-7,2,-6,1,-5,1,-5,2,-4,3,-3,2,-2,2,-1,-2,-1,-1,-1,0,1,-2,1,-1,1,0,2,2,3,2,4,3,5,1,5,2,6,1,7,0,7,1,7,2,8,-4,8,-3,8,-1,9,-3,9,-1,9,0,9,1,9,2,10,2,11,-3,11,-2,11,1,12,-3,12,-2,12,1,13,0,13,1,58,27,8
SpaceShip: StarFish1,-9,0,-8,-1,-8,0,-8,1,-7,-2,-7,2,-6,-1,-6,0,-6,1,-5,-2,-5,-1,-5,0,-5,1,-5,2,-4,-8,-4,-7,-4,-2,-4,2,-4,7,-4,8,-3,-8,-3,-7,-3,-5,-3,-4,-3,-1,-3,1,-3,4,-3,5,-3,7,-3,8,-2,-9,-2,-5,-2,-2,-2,-1,-2,1,-2,2,-2,5,-2,9,-1,-5,-1,-1,-1,1,-1,5,0,-4,0,-1,0,1,0,4,1,-5,1,-4,1,-3,1,-1,1,1,1,3,1,4,1,5,3,-7,3,-6,3,6,3,7,4,-8,4,-7,4,-6,4,-5,4,5,4,6,4,7,4,8,5,-9,5,-5,5,5,5,9,7,-8,7,-6,7,6,7,8,8,-7,8,7,76,18,19
SpaceShip: Swan,-12,3,-12,4,-11,2,-11,4,-10,4,-9,2,-9,3,-8,0,-8,3,-7,3,-6,-1,-6,1,-5,-3,-4,-4,-4,-1,-3,-4,-3,-1,-2,-5,-2,-4,-2,-3,-1,-5,-1,-4,-1,-3,-1,-1,-1,0,-1,1,0,-5,0,-4,0,-3,0,0,0,1,0,3,0,4,0,5,1,-4,1,-3,1,5,2,-4,2,-3,2,4,3,-3,3,-2,3,-1,3,0,3,1,4,-2,4,-1,5,-1,5,0,6,-1,6,0,7,-1,7,1,8,1,8,2,9,0,9,2,10,3,11,1,11,2,60,24,11
SpaceShip: Turtle,-7,-1,-7,0,-6,-5,-6,-4,-6,-2,-6,1,-6,3,-6,4,-5,-5,-5,-4,-5,3,-5,4,-4,-5,-4,-3,-4,2,-4,4,-3,-3,-3,-2,-3,1,-3,2,-2,-4,-2,-3,-2,-1,-2,0,-2,2,-2,3,-1,-2,-1,1,0,-4,0,3,1,-4,1,3,3,-4,3,-3,3,-2,3,-1,3,0,3,1,3,2,3,3,4,-5,4,-4,4,3,4,4,6,-1,6,0,46,14,10
SpaceShip: Weekender,-8,-5,-8,-4,-8,-3,-7,-5,-7,-3,-7,-2,-6,-5,-6,-4,-6,-3,-6,-2,-6,0,-5,1,-4,0,-4,1,-3,1,-3,2,-3,3,-3,4,-2,-1,-2,1,-1,-2,-1,1,0,-2,0,1,1,-1,1,1,2,1,2,2,2,3,2,4,3,0,3,1,4,1,5,-5,5,-4,5,-3,5,-2,5,0,6,-5,6,-3,6,-2,7,-5,7,-4,7,-3,44,16,10
Spark: PhiSpark,-2,-1,-2,0,-1,-2,-1,1,0,-2,0,1,1,-2,1,1,2,-1,2,0,10,5,4
